0 0 0 0 0 0 0 0 0 0 0 0 0 0 0 0
0 0 0 0 0 0 0 0 0 0 0 0 0 0 0 0
0 0 0 0 0 4 0 0 0 0 0 7 0 0 0 0
0 0 0 0 0 16 0 12 0 0 0 28 0 36 0 0
0 0 0 21 0 0 3 0 0 0 0 0 9 0 0 0
0 0 0 0 0 0 0 0 0 0 0 0 0 0 0 0
16 0 2 32 0 0 0 0 8 102 0 0 0 0 0 54
0 0 0 0 0 6 0 0 0 0 0 0 0 0 0 6
0 0 0 0 0 6 0 0 0 0 0 0 0 0 0 6
0 56 0 0 0 0 0 0 0 0 0 0 48 9 0 0
0 0 0 0 0 0 0 0 10 0 16 0 0 0 0 0
0 0 0 0 0 0 0 0 0 0 0 0 0 0 0 0
0 0 0 0 0 0 0 0 5 0 8 0 0 0 0 0
0 0 0 0 0 16 0 0 0 0 0 28 0 3 0 0
0 0 0 56 0 0 0 0 0 0 0 0 0 0 0 0
0 0 0 35 0 0 0 6 10 0 16 0 0 18 0 0
