334 250 189 309 210 213 269 244 353 294 349 227 331 364 313 272
471 443 333 414 243 272 429 327 522 414 396 311 493 557 503 433
474 373 251 363 182 259 345 298 480 371 301 236 410 434 399 305
418 270 182 267 186 145 251 211 342 321 235 213 340 314 347 315
542 418 260 405 243 270 417 348 506 452 380 308 453 489 463 390
363 322 238 301 225 153 284 222 345 299 331 214 364 341 341 298
423 249 281 324 154 199 288 315 356 350 291 218 333 336 346 235
377 361 258 300 184 207 294 286 376 336 323 239 377 302 385 283
369 278 200 279 169 144 273 188 405 279 268 216 372 343 326 348
439 383 292 357 211 229 336 294 449 363 373 270 468 416 434 312
337 309 230 327 192 147 335 215 362 310 274 213 342 349 331 304
553 378 284 471 283 278 402 370 496 484 438 265 434 417 424 276
417 391 340 353 165 223 325 280 399 289 329 182 394 384 407 332
526 417 346 418 259 216 397 369 514 435 468 322 543 407 412 330
428 359 250 317 230 170 313 242 447 347 360 251 432 355 409 421
421 310 232 283 175 195 308 303 348 360 340 296 365 323 350 278
