0 0 0 0 0 0 0 40 0 0 0 0 0 24 0 0
0 0 0 0 0 0 0 0 0 0 0 0 0 0 0 0
0 0 0 0 0 0 0 0 0 0 0 0 0 0 10 0
0 0 0 0 0 0 0 0 0 0 0 0 0 0 0 0
0 28 0 0 0 0 0 0 0 0 0 0 0 84 0 54
25 0 0 0 0 0 0 0 0 0 0 0 0 0 3 0
0 0 0 0 0 0 0 0 0 0 0 0 0 0 0 0
0 0 0 0 0 0 0 0 0 0 0 0 0 21 0 27
48 0 0 0 0 0 0 0 0 0 0 0 0 56 0 72
0 45 0 0 0 0 45 0 20 0 0 20 0 21 0 27
0 0 0 0 0 0 0 0 0 0 0 0 0 0 0 0
45 0 0 0 0 0 0 0 0 0 0 0 0 24 15 0
0 28 0 12 0 0 0 0 0 0 0 0 0 0 0 0
0 54 0 0 0 0 54 0 24 0 0 24 0 0 0 0
0 0 0 0 0 0 0 0 0 0 0 0 0 0 0 0
32 0 0 24 0 0 0 0 0 0 0 0 0 30 0 0
