261 342 332 363 400 331 265 215 310 356 303 195 285 316 363 271
431 527 440 525 467 421 371 319 412 487 462 298 530 396 504 388
289 284 289 254 264 212 198 145 201 248 246 138 197 249 248 263
367 340 289 363 378 268 273 216 322 352 266 215 365 340 321 312
423 337 421 326 349 319 277 236 334 344 359 149 354 238 313 317
400 368 267 338 386 274 287 257 319 361 349 263 349 340 372 354
412 492 338 457 486 342 356 323 367 441 404 281 417 436 496 362
343 381 364 402 376 384 327 266 317 381 351 249 420 260 392 380
346 400 254 338 317 240 278 219 240 332 317 197 324 314 390 280
245 296 303 309 285 327 265 206 297 273 312 179 364 195 293 297
222 251 249 255 280 219 158 165 191 254 255 158 163 238 255 185
416 456 383 436 476 433 429 324 397 409 405 267 512 328 446 481
454 437 389 464 492 391 349 302 455 453 392 256 505 400 444 356
389 401 345 432 368 333 298 286 301 387 375 246 384 303 423 327
404 394 332 424 438 342 327 291 313 369 377 231 405 351 392 309
323 428 316 406 382 327 341 307 338 358 331 247 368 352 419 396
