384 217 339 346 259 268 335 276 189 310 289 325 280 357 288 278
403 244 430 444 268 283 261 307 320 371 310 301 306 345 395 368
490 306 439 516 325 236 391 383 264 422 328 387 414 331 430 314
442 280 442 463 292 252 330 398 296 415 327 370 345 318 441 307
572 361 505 571 365 368 389 413 396 444 375 420 418 349 501 418
469 253 439 442 283 377 359 319 328 360 396 357 333 355 374 386
449 251 426 523 280 335 303 367 291 409 337 373 319 336 410 433
387 187 299 393 226 241 299 266 251 386 285 293 256 260 378 253
379 225 411 394 263 335 296 303 238 316 364 337 252 421 316 374
526 283 491 567 333 340 299 365 384 442 342 375 378 414 409 388
527 297 476 519 337 307 407 428 366 478 348 402 414 334 502 334
345 127 295 321 166 226 252 276 254 347 223 271 236 172 350 271
445 245 449 504 258 306 283 347 370 399 319 324 378 309 438 398
429 243 402 405 283 291 290 315 243 362 344 296 276 385 361 355
425 181 339 386 216 280 313 345 242 373 294 275 321 199 372 299
471 303 451 481 321 344 364 300 332 372 348 356 346 373 395 387
