3 3 3 3 0 2 3 5 3 2 3 3 4 2 3 3
8 7 6 6 5 6 4 9 6 6 6 7 3 7 7 7
3 4 2 1 3 2 5 5 3 2 3 4 1 2 2 3
4 6 3 2 3 5 4 6 6 3 5 6 2 4 5 5
6 7 5 4 5 6 7 9 7 5 8 9 4 6 6 8
6 4 4 4 5 4 5 7 5 3 4 7 1 5 5 6
9 6 7 3 4 3 5 9 5 3 7 6 3 5 5 5
3 3 1 4 4 5 3 5 4 4 3 4 2 4 4 5
5 5 5 3 3 4 4 7 5 5 5 5 3 6 6 5
8 7 6 6 4 5 7 12 6 3 7 8 4 7 6 7
6 6 4 6 5 4 7 10 5 3 6 7 3 4 5 8
3 4 1 3 3 3 3 6 3 3 2 2 3 3 2 5
7 7 4 2 3 2 5 8 3 1 5 4 2 5 3 3
3 3 2 2 1 2 1 4 2 2 2 2 2 3 3 2
7 5 4 3 3 1 4 7 2 0 5 5 1 3 2 3
4 3 2 1 4 2 3 5 3 2 4 2 2 4 3 4
