16 14 19 10 18 15 16 12 13 17 15 19 17 17 19 18 15 13 14 21 15 14 16 19 13 14 17 15 21 21 12 19 17 21 13 16 13 20 14 18 22 15 14 21 19 11 14 15 19 19 17 17 21 13 16 15 17 18 22 14 18 16 15 17
21 20 17 12 18 17 16 12 15 13 12 20 15 18 15 19 12 17 14 19 16 19 18 18 15 14 13 21 15 17 15 20 15 18 13 18 18 20 17 15 24 15 15 20 14 14 10 14 18 18 19 15 19 16 23 15 16 17 22 19 20 16 15 16
22 18 17 12 21 14 20 12 21 17 19 18 18 20 23 21 14 17 14 18 18 13 17 17 14 19 13 21 16 21 14 20 18 21 15 17 17 16 14 15 24 17 16 18 18 15 14 11 19 18 16 12 17 17 18 14 19 18 24 14 21 18 13 17
19 18 15 12 18 14 15 12 16 16 9 21 18 20 20 17 13 15 12 18 16 15 17 18 17 16 12 21 16 23 14 17 16 20 17 16 17 18 17 16 22 11 17 19 14 14 21 14 18 14 18 15 20 15 18 15 15 19 24 12 20 13 13 14
21 17 17 13 19 19 18 15 17 16 12 24 19 23 21 18 16 15 17 22 16 17 19 17 16 18 14 21 19 24 11 21 20 25 18 17 18 20 16 14 24 16 17 22 15 14 16 14 19 14 20 16 23 20 20 16 18 19 27 19 19 18 18 19
17 11 10 9 17 15 14 6 17 14 11 16 13 15 13 15 14 14 11 17 15 12 11 15 10 11 7 17 14 17 11 16 12 18 15 13 15 12 9 13 19 13 14 17 11 14 8 11 13 13 9 9 14 12 14 12 12 10 18 13 15 12 10 11
15 20 18 10 19 12 21 9 17 15 15 17 18 20 17 19 12 18 10 17 14 13 19 18 17 13 12 18 15 20 14 16 16 20 13 17 16 20 13 14 21 13 11 18 17 11 14 13 17 19 14 12 18 17 18 13 19 17 25 12 18 17 13 18
17 19 16 10 18 17 16 12 16 22 13 13 17 18 15 20 12 13 13 20 14 16 17 17 15 15 13 19 15 17 12 17 15 17 13 17 17 20 13 14 20 11 11 14 20 14 15 12 17 16 17 16 18 11 20 15 14 12 19 14 18 14 13 11
17 18 16 11 21 15 22 14 17 16 14 21 18 20 18 26 11 19 15 23 20 18 17 18 21 18 10 17 18 20 16 21 18 18 15 20 16 20 15 16 23 17 15 21 19 12 16 17 22 16 17 16 21 14 18 10 16 14 25 18 23 15 13 17
19 19 16 14 18 18 18 14 18 13 14 18 14 20 17 17 14 16 15 18 16 17 16 15 14 14 12 20 14 21 13 17 15 18 15 17 18 22 16 15 20 16 15 19 14 14 10 13 18 14 16 12 18 17 19 12 18 13 23 19 20 17 17 16
22 16 19 12 19 18 21 11 14 16 15 20 16 18 16 21 13 16 15 19 18 16 17 19 15 18 12 17 17 22 18 17 15 19 17 17 13 19 16 14 24 17 15 22 22 12 14 13 17 16 20 16 21 17 19 11 15 18 26 15 18 12 17 22
17 15 15 11 14 17 19 7 17 15 14 15 11 22 15 15 7 13 15 17 15 14 12 15 11 14 9 14 14 22 11 14 18 19 16 12 17 19 13 16 19 14 12 17 15 12 12 10 18 12 16 15 15 12 15 12 16 8 17 15 19 13 14 12
20 19 15 17 22 17 20 8 21 15 14 23 18 23 18 21 13 19 17 19 19 18 13 17 15 16 13 15 15 23 17 17 20 20 16 18 18 21 15 19 21 17 15 22 18 15 17 15 24 17 18 14 22 18 21 14 18 14 25 15 21 16 18 20
18 15 18 9 16 17 15 13 18 16 16 21 17 16 16 18 14 17 12 13 20 13 19 17 12 17 8 17 19 25 14 17 19 20 16 15 15 16 14 14 21 18 17 17 19 13 13 10 16 15 16 14 18 18 16 13 20 17 22 13 20 13 18 17
19 15 13 11 14 12 18 9 16 13 11 17 17 16 14 16 14 15 11 12 14 12 18 19 14 15 10 15 15 21 14 18 16 17 14 16 15 18 13 11 19 10 14 16 13 12 15 10 16 13 17 13 17 15 16 11 16 16 22 11 15 11 16 15
22 20 17 14 23 20 23 13 18 21 14 21 20 26 22 24 13 18 20 20 21 17 20 20 18 15 17 19 21 26 13 20 21 23 16 21 16 19 17 19 27 16 13 24 19 15 18 15 24 18 18 15 23 19 21 16 23 18 29 16 21 16 18 18
19 22 15 13 26 17 17 8 25 19 15 22 20 19 20 22 17 16 19 22 20 16 21 19 16 17 14 22 19 20 14 19 21 21 19 19 21 19 17 18 24 17 17 20 20 20 17 17 21 16 19 16 17 16 23 16 18 15 21 15 23 15 13 15
18 18 19 14 17 14 19 17 16 17 15 20 19 19 20 21 13 18 15 16 21 19 15 17 13 18 13 19 18 24 14 17 17 21 17 17 16 18 18 16 23 17 19 18 20 11 18 13 22 16 15 17 19 20 18 15 24 19 26 14 21 14 15 15
18 16 13 5 20 16 14 10 16 18 15 19 16 17 16 17 14 14 14 18 11 13 16 15 11 13 12 18 17 20 10 17 17 19 13 18 16 16 15 19 16 13 14 19 18 14 16 12 15 14 17 12 20 10 15 13 13 18 17 14 15 16 10 18
15 14 14 8 17 16 16 11 15 13 8 17 12 18 13 17 12 13 14 17 13 11 14 13 12 11 11 15 17 19 10 11 16 22 13 17 13 16 12 9 20 14 8 16 12 12 10 8 15 12 11 12 15 14 14 13 14 11 22 12 16 14 14 12
15 14 13 10 18 14 17 9 16 17 14 15 14 15 16 17 11 15 12 21 14 14 13 18 10 13 14 16 13 18 15 16 17 17 13 16 17 16 10 13 20 14 11 18 16 13 14 12 16 14 11 14 15 11 15 11 13 10 20 13 13 12 12 12
21 21 20 12 19 18 17 15 15 18 16 19 16 21 19 19 12 18 16 21 14 15 20 20 14 23 15 21 18 26 12 16 20 25 18 18 19 21 18 17 23 17 15 24 20 13 17 14 17 16 21 16 23 17 23 19 17 20 25 14 16 15 17 19
20 17 16 13 20 15 20 12 17 14 13 13 18 23 15 21 10 13 15 18 14 16 18 17 13 15 17 17 16 15 12 20 14 19 14 16 13 19 14 14 18 14 11 18 17 11 14 14 20 16 13 12 19 13 18 14 15 13 22 16 18 16 14 16
16 15 16 5 17 16 15 14 15 15 13 16 9 17 11 18 8 17 7 16 14 17 12 14 12 11 10 17 14 18 9 12 13 17 12 13 16 15 16 14 20 16 13 18 13 14 8 12 13 14 12 12 9 9 17 11 14 8 16 16 19 12 12 15
16 18 11 12 14 14 16 15 21 17 15 18 15 20 18 16 13 16 16 16 14 10 14 16 13 16 12 19 18 19 13 16 22 20 13 13 17 17 12 15 20 17 11 18 15 14 13 15 16 14 19 17 15 12 14 12 16 14 16 14 17 18 16 13
22 20 20 16 23 14 20 13 19 16 19 24 21 22 21 26 17 18 17 21 21 13 20 23 19 18 14 18 22 25 18 20 21 25 22 20 18 23 17 20 23 16 17 23 21 15 18 15 25 21 19 17 22 21 22 17 20 19 28 18 21 16 19 20
18 15 15 11 20 20 21 8 19 16 14 19 15 17 15 21 15 20 17 16 18 15 17 23 14 14 9 19 18 26 16 16 16 23 16 16 17 19 15 18 26 18 14 24 16 14 14 13 18 17 15 16 16 15 15 10 16 11 19 13 22 15 16 18
20 18 16 10 19 13 16 11 17 14 13 16 15 20 14 15 8 15 9 15 14 13 17 13 13 15 9 13 13 20 11 14 18 20 15 18 14 16 13 12 14 11 13 13 15 12 13 11 17 15 12 9 15 11 19 15 16 12 19 16 17 14 15 15
18 15 16 6 18 16 16 13 16 16 10 21 14 19 16 18 12 16 12 22 15 18 10 12 11 12 12 18 15 17 13 15 16 20 15 17 14 18 14 16 19 14 14 19 14 14 14 10 20 16 15 13 18 11 15 12 13 17 20 16 18 14 12 13
19 21 19 14 19 17 18 15 20 18 16 16 20 22 17 17 12 13 17 21 13 15 17 19 17 17 10 21 19 20 16 16 19 24 19 19 21 19 19 16 18 17 15 17 23 14 19 12 16 19 20 17 20 14 18 17 16 16 25 15 19 17 13 15
11 12 14 10 15 13 14 8 13 11 9 14 14 18 10 13 11 13 12 15 13 11 10 13 11 13 11 16 14 17 12 16 13 18 12 8 14 13 9 11 18 14 12 18 10 12 13 15 14 12 12 12 17 11 13 13 13 14 17 9 11 12 10 14
14 12 11 9 14 12 13 9 16 13 10 17 16 14 16 16 12 16 12 17 13 11 12 13 10 12 13 15 12 17 11 15 14 16 11 15 17 14 10 14 20 12 11 17 12 14 15 12 17 12 12 13 14 11 13 9 13 14 20 10 16 11 10 14
20 22 15 15 22 18 18 15 22 16 13 22 20 21 18 25 18 18 17 25 22 17 19 18 20 16 13 25 23 18 14 22 19 23 18 20 21 22 17 20 25 19 19 21 18 19 16 18 21 20 20 17 17 18 22 14 21 18 24 21 26 18 18 19
17 15 13 9 17 11 14 12 17 14 12 20 17 19 19 17 10 16 12 17 15 13 14 15 15 17 10 14 15 18 11 16 15 20 15 16 18 13 16 16 19 13 14 16 15 13 16 13 21 14 16 11 14 12 18 14 14 15 21 12 19 15 12 13
17 18 17 8 17 13 17 14 12 17 15 19 16 20 18 20 12 14 15 15 11 16 14 17 17 14 15 18 18 20 13 14 17 21 11 16 13 19 17 17 21 14 13 17 17 12 16 10 20 15 19 19 16 16 17 11 17 20 24 15 18 17 13 18
18 20 19 15 20 19 24 16 23 23 15 18 20 23 21 21 15 22 19 20 18 17 22 21 13 21 15 22 19 27 15 21 23 22 18 18 21 23 14 17 24 18 12 22 21 17 20 18 21 18 21 21 19 12 19 18 19 17 25 14 24 17 17 17
15 14 17 8 15 15 16 13 11 13 8 19 15 16 12 17 13 14 13 15 15 16 15 18 15 13 8 17 18 18 11 15 12 17 14 12 12 18 14 14 19 16 15 17 16 12 10 13 15 16 14 17 17 17 12 6 13 16 21 13 18 13 13 14
16 17 12 11 18 11 19 10 14 14 12 20 16 15 16 17 10 13 18 19 19 16 18 19 13 12 11 17 17 20 12 17 18 16 12 15 19 14 11 16 25 12 16 18 14 9 12 13 17 12 12 16 15 14 18 14 18 14 19 12 19 15 16 13
23 16 14 8 19 18 19 13 18 18 19 21 18 20 19 23 15 18 15 16 15 15 18 20 16 16 14 18 22 20 13 17 17 24 14 15 16 16 12 19 27 15 14 20 17 14 13 12 16 14 18 14 15 14 16 12 17 17 24 15 17 16 19 20
15 11 14 10 13 17 19 12 16 14 6 15 13 18 13 15 10 14 15 17 13 12 10 12 13 13 13 17 16 17 11 12 14 19 11 11 11 16 10 13 18 15 11 17 12 9 14 11 17 11 13 15 17 13 11 11 12 15 19 11 14 11 11 13
13 14 20 8 17 13 14 11 12 16 9 14 17 17 11 17 12 13 13 18 12 15 11 14 13 15 11 16 19 16 13 15 12 17 12 16 12 19 13 15 17 15 11 15 17 12 14 14 16 18 19 17 20 11 16 11 14 16 21 12 16 12 13 15
15 15 15 11 16 13 19 10 11 13 11 19 12 15 15 18 12 13 14 20 17 14 15 17 15 13 8 13 16 24 12 16 17 20 15 15 14 17 14 15 21 13 16 22 14 7 14 10 18 11 15 17 16 14 14 12 18 17 23 15 17 9 11 14
19 21 19 13 19 17 20 15 21 20 15 24 20 26 22 21 16 16 16 23 18 15 23 21 19 17 15 20 20 24 14 20 27 26 21 21 20 26 20 20 22 16 16 22 20 15 20 17 23 19 22 19 21 19 23 16 22 20 28 21 22 20 19 21
20 19 18 9 18 16 21 13 17 20 16 22 13 19 20 23 16 21 14 20 17 20 18 21 15 22 15 21 17 28 13 20 19 22 16 20 18 22 17 16 29 15 15 23 15 13 15 14 21 14 18 19 20 15 22 15 16 18 27 16 22 18 14 17
20 18 16 13 17 19 18 14 15 18 13 17 15 19 16 17 12 16 13 17 14 15 18 20 14 16 11 20 17 23 13 18 18 22 11 16 18 20 15 15 23 15 15 24 14 13 16 14 19 18 18 15 20 18 18 15 18 16 23 14 18 16 16 15
20 21 17 14 18 14 18 13 17 17 14 15 18 23 19 19 9 16 15 19 13 14 19 14 13 17 14 18 16 20 11 16 17 20 18 16 20 20 16 17 18 12 11 18 19 13 18 13 20 18 19 13 22 14 21 20 19 16 25 15 17 15 13 15
11 13 11 8 13 13 12 9 10 15 11 14 12 13 13 11 9 12 11 17 9 12 10 11 9 7 11 14 9 15 13 15 10 14 10 12 14 14 9 15 20 11 10 16 15 12 7 12 12 14 14 15 17 11 12 8 13 12 17 10 13 8 8 12
16 15 13 13 16 14 13 11 18 14 14 19 16 17 17 21 17 16 16 17 16 14 16 18 11 13 13 23 22 18 13 16 17 19 18 15 14 21 13 18 21 15 14 19 14 12 16 11 17 14 16 14 15 14 18 13 18 16 19 13 18 16 20 15
15 16 14 7 18 14 18 7 14 16 12 16 13 13 14 16 17 15 13 13 10 15 11 17 12 14 13 17 10 19 16 13 12 16 9 13 14 14 9 13 20 10 9 15 13 12 10 12 14 13 13 13 16 10 14 8 11 12 20 12 16 11 11 12
19 15 14 9 19 14 14 12 16 14 16 21 15 20 15 16 12 14 13 13 12 16 13 16 14 11 12 17 18 19 12 15 18 20 17 18 16 17 16 20 18 15 15 17 15 15 14 11 19 17 17 12 16 10 19 14 17 12 19 17 21 16 16 15
17 19 16 13 19 14 17 12 17 15 15 20 19 22 18 19 13 17 15 20 16 14 14 16 17 16 13 16 17 24 16 20 21 21 16 17 20 20 13 17 23 15 13 19 17 14 17 14 21 16 18 15 23 12 18 17 19 16 22 15 16 19 16 18
17 18 16 9 20 12 21 12 15 17 12 21 20 19 17 20 14 18 13 20 18 16 17 16 15 14 11 17 17 22 15 18 15 19 15 15 19 17 12 16 25 15 17 19 17 12 12 13 19 15 13 18 16 14 16 13 19 16 21 12 19 14 14 11
19 18 16 8 16 14 21 9 16 17 12 19 16 17 16 16 12 18 11 18 20 17 14 14 15 14 7 17 17 22 14 15 18 16 13 16 17 17 13 15 23 14 14 20 16 14 14 11 19 15 17 17 16 15 13 12 18 19 23 13 19 13 11 12
21 21 17 11 21 20 19 13 23 19 14 21 15 20 16 23 17 17 15 20 18 19 15 16 17 15 14 20 18 20 16 14 18 22 18 19 16 20 16 14 24 17 17 16 18 15 13 14 19 15 16 15 20 15 17 11 16 11 22 17 22 15 15 15
16 15 19 11 15 14 14 14 15 15 10 13 15 15 9 14 12 14 11 11 16 17 13 15 11 13 8 18 14 19 12 14 14 16 13 13 14 13 15 10 18 14 14 14 14 13 11 13 15 17 13 13 14 11 15 14 18 12 19 13 19 11 13 13
20 21 17 13 21 17 19 15 17 15 13 21 18 16 18 19 16 13 13 19 22 17 16 23 17 17 11 22 17 24 18 22 19 20 13 20 18 17 17 16 25 15 18 21 18 13 16 12 18 18 15 16 18 18 18 15 17 21 24 14 25 14 17 15
20 17 16 8 22 19 17 15 19 21 17 26 19 21 22 26 16 20 11 25 19 18 20 20 18 19 17 21 21 23 16 21 21 23 19 20 17 23 20 21 27 19 18 23 22 16 16 15 18 16 19 19 17 15 22 12 18 16 22 20 21 17 20 23
14 19 19 13 17 16 22 11 19 17 14 17 16 21 19 19 11 17 14 22 18 16 16 20 16 17 12 15 15 22 14 20 18 21 15 13 20 22 11 16 22 16 14 16 19 11 14 13 19 18 17 16 20 17 17 11 17 12 23 15 20 17 16 15
18 16 15 10 15 16 15 9 15 14 8 19 12 17 13 18 10 14 13 20 19 14 16 16 14 14 13 18 17 20 9 14 17 16 13 17 13 18 17 13 20 15 16 18 14 11 13 13 18 13 14 14 20 16 14 12 16 14 16 15 17 15 13 16
19 17 16 13 20 18 17 13 16 18 14 18 15 20 16 20 11 14 16 20 17 18 16 20 14 14 14 19 17 24 14 19 20 18 15 22 16 19 20 17 21 17 17 20 18 11 14 12 16 12 18 15 18 16 21 13 17 10 23 18 20 14 19 18
14 15 17 9 14 19 20 13 17 19 16 14 14 15 14 14 12 16 12 17 17 15 15 19 11 15 11 18 16 21 15 19 15 16 13 12 17 19 12 11 24 15 10 18 19 15 10 14 14 16 14 18 17 15 15 10 16 11 21 12 18 11 13 13
19 20 18 10 18 19 19 14 20 18 15 21 16 20 20 18 15 18 13 19 17 14 19 18 16 20 12 21 17 25 17 17 21 22 17 16 15 21 16 18 21 16 15 20 19 15 17 16 16 16 19 18 19 13 15 12 16 19 21 18 20 14 16 18
24 15 19 11 16 20 20 17 19 18 15 20 19 25 17 22 10 17 17 18 20 18 19 20 15 15 15 21 21 24 11 17 20 21 16 17 19 17 19 18 26 19 15 25 17 16 14 13 22 17 15 18 20 16 17 17 21 17 25 16 22 17 17 19
17 17 11 11 18 15 17 14 13 14 13 18 15 17 13 21 11 12 15 15 14 14 16 17 15 13 12 13 12 20 10 20 18 18 10 17 17 16 16 12 22 12 11 21 15 13 12 11 20 13 15 14 16 13 19 13 17 13 18 15 16 15 13 18
