14 18 14 17 11 24 11 16 19 18 15 16 14 16 17 15 15 19 15 15 18 15 15 12 18 15 19 17 14 19 12 15 14 16 18 19 17 18 16 17 15 21 17 19 17 18 21 19 16 17 21 23 22 21 19 14 15 13 18 16 18 17 18 18
14 17 17 14 13 18 12 16 20 17 19 20 16 16 15 16 20 16 14 18 17 12 15 11 17 18 13 16 15 18 17 13 14 17 15 20 19 15 17 19 17 19 19 15 21 15 20 19 16 16 21 21 16 19 15 14 15 17 17 16 18 15 16 24
13 20 16 22 15 21 13 20 16 18 16 27 20 19 18 17 20 16 14 21 20 14 19 14 17 20 19 14 14 20 20 17 14 16 22 18 19 14 19 19 17 20 17 17 21 17 20 18 16 16 18 22 19 16 18 13 19 16 15 16 18 15 17 20
15 16 15 18 16 21 12 16 17 17 19 19 18 16 14 12 16 19 13 20 19 11 14 11 17 14 19 18 13 19 18 18 11 15 14 21 19 16 15 18 20 18 18 19 21 14 21 14 14 14 22 19 18 19 19 11 16 12 14 18 16 17 19 19
13 18 14 12 15 17 14 18 18 17 16 21 15 16 16 18 18 14 13 16 17 16 14 13 16 17 12 17 12 17 17 15 15 14 15 18 16 16 18 15 14 18 18 16 21 16 21 15 17 14 20 18 19 19 15 13 16 14 17 11 15 17 16 18
15 20 15 13 17 20 13 16 13 18 16 18 18 14 15 13 14 22 14 17 17 14 14 13 17 14 13 14 18 17 12 18 13 14 19 21 16 14 16 15 13 17 20 17 20 16 21 18 13 18 21 21 20 17 19 11 17 17 17 19 15 18 19 20
19 21 21 22 21 26 15 19 22 21 18 24 22 17 22 19 21 25 17 18 21 13 21 16 19 24 19 16 20 19 22 22 18 16 23 19 17 15 23 18 18 21 24 24 27 19 25 20 20 19 23 22 19 22 21 14 21 20 21 21 19 24 20 23
18 21 17 19 16 19 16 18 18 17 17 21 17 17 15 18 19 16 13 14 18 13 16 9 14 19 17 11 15 16 20 17 15 11 19 15 12 12 18 18 17 20 16 17 18 18 18 15 15 17 17 17 19 19 17 10 17 15 11 13 12 17 14 21
15 18 20 16 12 16 13 14 15 12 8 18 13 13 14 12 17 15 10 17 18 14 17 12 17 14 15 13 18 10 13 16 15 11 20 14 10 12 15 18 11 17 18 19 19 15 19 14 11 17 21 20 17 19 16 12 16 15 14 18 15 17 16 18
13 15 16 15 14 17 12 12 18 15 14 18 16 10 12 13 15 13 13 12 14 10 15 10 13 12 10 15 12 13 13 13 11 14 18 16 11 14 14 17 15 16 16 14 17 12 17 17 12 17 17 15 14 16 15 12 11 17 13 11 16 12 16 17
10 17 16 15 15 16 14 16 16 13 13 21 12 13 14 18 17 15 12 16 15 12 12 11 13 15 14 10 13 13 17 8 16 9 18 11 11 11 17 17 12 17 17 18 19 17 14 15 14 18 18 18 18 15 15 12 16 14 17 13 14 16 12 17
17 24 20 20 18 25 14 19 25 19 19 25 26 18 17 21 19 19 17 19 22 20 21 13 21 23 18 18 20 25 24 21 17 18 22 25 20 17 24 22 21 22 20 21 23 18 25 21 20 20 24 22 19 24 22 11 18 19 16 19 22 20 19 24
12 17 11 14 14 18 11 14 16 13 14 16 18 15 13 16 16 14 10 15 15 14 15 12 13 18 12 15 9 17 16 15 10 14 13 18 15 16 15 15 17 15 16 17 18 16 19 17 17 14 17 16 15 17 16 10 14 14 12 13 16 13 17 16
16 14 15 17 12 18 10 13 19 13 16 15 20 12 9 15 16 13 13 15 18 11 15 9 15 17 18 16 13 13 17 13 13 12 16 14 18 17 16 20 19 15 17 15 19 12 19 15 13 16 15 16 13 18 19 12 14 9 11 16 15 15 16 18
15 15 17 17 13 17 11 14 14 12 15 20 14 15 14 16 20 17 14 19 17 13 15 10 16 18 18 14 15 15 15 15 17 16 16 20 20 15 21 22 15 22 18 18 18 14 18 17 18 16 20 22 19 21 16 14 17 13 14 17 15 17 18 21
12 19 16 17 15 22 13 18 16 18 18 17 17 17 16 18 17 21 13 19 17 13 15 12 15 14 16 16 13 20 15 16 17 14 19 15 17 15 18 12 15 20 18 20 18 18 22 15 14 17 19 18 15 18 19 12 15 14 14 19 18 15 19 19
14 17 16 18 16 21 14 17 18 16 16 18 18 18 21 18 17 18 17 20 19 12 17 17 18 20 15 16 15 20 17 17 16 16 18 19 19 15 17 16 15 16 19 18 22 16 22 15 18 14 21 21 15 16 18 11 16 17 18 20 20 16 20 21
10 14 12 12 14 17 9 12 17 9 13 16 17 10 11 13 14 13 14 11 13 12 16 6 14 17 12 10 15 16 12 11 12 11 14 15 14 14 16 15 15 16 16 15 15 13 16 13 11 15 17 13 15 14 15 9 14 12 13 12 12 13 14 17
15 15 17 16 10 19 14 17 17 12 13 19 17 15 13 12 18 15 14 16 17 12 12 11 16 15 13 15 14 11 13 11 15 14 19 17 14 15 13 18 13 16 19 15 19 16 22 13 16 14 20 18 12 15 14 11 14 16 15 17 18 19 17 23
15 17 15 18 14 20 12 19 17 17 17 18 15 15 19 10 12 16 13 19 15 12 13 13 18 15 17 17 19 17 13 15 13 14 20 18 18 16 18 18 17 15 23 15 19 17 22 16 11 19 25 22 16 17 16 15 17 19 17 21 12 15 18 22
16 22 20 18 14 20 16 18 18 16 18 23 21 15 12 18 21 22 15 21 23 14 15 13 21 18 17 17 14 19 21 18 18 18 20 20 20 17 18 21 22 21 19 20 19 17 18 21 16 21 22 23 23 20 23 15 20 16 16 18 20 19 19 22
15 13 18 14 12 17 11 13 16 16 14 18 13 13 18 15 17 12 13 18 17 10 15 13 16 16 12 12 14 16 15 16 14 15 16 16 12 15 20 20 13 17 19 12 18 16 21 15 16 16 17 17 15 18 11 14 13 14 14 14 15 18 16 22
16 16 18 20 15 25 15 17 21 20 20 21 18 16 17 20 21 18 14 23 16 12 20 11 17 18 22 16 17 22 19 15 17 17 21 18 21 20 26 19 18 21 21 19 20 17 21 15 18 16 21 21 15 20 18 13 17 14 18 19 16 19 21 23
15 18 18 17 16 23 15 15 19 17 16 19 18 13 14 13 15 17 12 15 16 13 13 14 15 12 16 22 13 17 15 15 15 16 17 19 15 17 17 19 17 22 19 17 21 18 23 16 15 16 20 15 13 21 15 12 14 15 15 16 19 16 21 21
21 23 19 22 16 22 14 16 21 17 18 20 20 15 17 22 19 19 15 17 16 12 16 13 16 17 20 15 16 17 21 13 14 14 20 21 18 17 21 22 18 20 17 22 21 18 20 18 19 20 23 20 25 24 19 13 20 18 16 15 14 19 18 22
15 16 16 15 18 21 13 18 19 16 15 20 20 14 13 12 16 17 15 15 16 13 15 13 19 19 13 16 20 17 17 14 17 14 18 20 15 12 19 19 17 20 19 17 21 18 20 16 19 18 20 22 17 18 17 9 13 15 13 18 15 17 18 19
17 19 19 17 16 21 15 18 18 16 16 26 18 18 16 13 21 18 13 21 21 16 18 14 22 21 15 16 18 16 20 18 17 14 18 20 17 14 22 22 14 19 27 15 25 17 20 18 19 17 22 26 18 19 15 15 19 17 18 18 18 20 18 23
23 25 25 26 19 30 16 20 27 20 24 26 26 22 22 20 23 25 19 25 26 16 24 18 25 23 22 19 22 27 23 24 19 23 22 27 23 24 26 24 22 28 28 25 30 22 32 24 22 21 28 28 27 29 23 19 24 21 24 22 21 24 26 31
17 14 15 14 13 19 11 11 19 14 17 14 16 16 16 14 15 17 10 16 17 11 14 13 17 13 13 11 15 15 13 15 12 13 15 18 14 13 16 14 12 19 19 17 22 19 23 13 17 12 19 19 15 18 15 10 14 16 18 16 17 19 19 21
13 13 11 16 16 17 10 12 16 15 13 15 16 13 11 12 12 16 11 13 14 8 9 12 11 15 12 12 12 13 13 11 12 14 16 15 14 14 17 16 15 18 17 14 16 14 20 15 15 13 16 14 14 17 13 9 13 12 14 17 13 15 17 14
8 12 13 10 10 13 6 12 14 8 11 12 13 10 8 10 10 12 10 13 12 9 12 9 13 12 12 8 10 14 12 11 12 9 12 11 11 8 13 12 13 15 11 16 15 12 13 13 9 16 17 17 14 14 12 11 11 10 11 13 10 12 13 16
18 16 17 19 19 24 15 15 25 14 20 20 22 16 15 19 19 20 17 16 17 13 20 15 17 21 14 18 18 21 16 17 19 16 18 18 21 16 24 18 16 24 21 20 23 16 25 18 21 17 23 20 19 24 20 10 13 16 16 20 17 19 20 23
11 17 15 13 12 18 13 17 16 17 16 17 19 15 15 13 15 18 16 15 21 13 14 10 13 17 17 17 14 19 17 12 14 13 14 16 18 14 13 13 14 14 20 16 20 13 21 12 13 11 18 16 13 15 17 10 16 15 15 19 17 16 19 21
18 23 19 19 16 24 15 19 22 19 17 23 24 15 16 15 20 22 18 19 22 16 21 15 21 19 16 17 17 18 17 19 17 20 21 23 19 20 17 23 19 22 22 21 24 18 24 20 17 16 22 23 17 20 23 11 22 19 18 22 20 17 22 25
16 17 18 19 16 22 16 17 20 17 14 20 19 16 15 21 20 18 16 18 18 12 17 12 13 17 21 14 13 19 19 16 18 14 18 13 15 17 20 19 17 21 17 23 18 13 19 14 18 17 21 18 16 18 19 8 18 16 18 19 16 19 17 20
13 16 14 14 11 14 10 20 19 16 15 18 15 15 11 15 13 13 11 13 18 17 13 13 15 15 15 12 12 13 15 14 12 13 19 15 15 13 13 14 17 17 18 15 17 16 20 15 12 13 17 19 15 16 18 12 16 16 14 15 17 12 20 16
15 17 20 18 15 18 11 13 16 16 15 20 17 15 12 19 18 16 13 18 17 13 16 11 16 19 16 11 15 14 17 15 13 15 19 14 14 14 20 19 14 17 17 18 22 16 16 15 15 19 16 16 15 17 14 14 17 16 17 18 16 20 15 20
12 12 14 18 13 15 12 15 14 13 13 20 15 10 12 13 16 17 10 15 16 12 12 13 15 16 11 12 12 13 11 15 12 17 18 18 15 16 17 21 13 18 17 16 17 14 17 17 15 15 17 17 17 17 16 13 18 12 14 16 14 17 16 18
21 24 17 19 14 21 11 19 22 19 20 17 21 17 17 17 19 22 11 19 18 17 16 16 21 18 19 16 18 17 19 20 17 18 21 25 19 16 22 20 19 20 21 22 21 19 25 18 21 19 24 22 20 25 20 13 20 17 16 21 17 20 20 25
17 18 15 19 13 16 13 17 18 18 16 21 15 14 17 13 17 16 11 14 19 16 12 12 19 15 17 18 11 14 17 17 15 17 17 20 17 14 18 20 20 19 18 19 19 19 20 15 18 14 20 25 18 18 17 13 16 17 15 16 19 16 18 18
20 23 26 18 17 23 14 20 23 19 18 25 22 18 17 19 19 23 16 19 23 17 20 17 18 21 22 18 20 19 20 22 20 15 20 20 18 15 22 23 17 20 24 21 24 16 27 23 20 22 23 22 20 23 20 16 17 21 15 21 20 20 19 26
16 16 14 16 16 22 11 15 17 18 17 19 17 16 15 15 16 21 11 19 18 15 16 13 19 12 15 16 14 18 17 21 8 18 13 20 15 16 20 17 15 20 17 19 19 15 16 15 17 11 20 20 20 21 17 9 17 13 15 16 13 16 15 15
11 15 15 14 19 21 12 16 17 14 10 19 14 12 14 12 17 19 15 14 14 13 13 13 16 17 10 14 17 16 15 14 13 12 18 17 13 15 17 18 15 19 18 13 19 12 18 18 12 17 20 16 13 18 15 12 12 14 15 16 17 14 22 19
14 18 15 16 17 21 14 19 19 18 14 21 17 15 14 17 18 20 16 15 15 15 12 12 14 18 13 18 14 18 18 16 15 16 16 20 13 14 23 21 15 21 16 20 21 15 19 18 17 13 20 19 18 20 16 6 17 16 14 19 18 21 16 20
20 22 21 20 19 26 19 17 22 17 17 22 19 18 18 18 24 21 19 21 21 16 18 16 21 20 19 21 18 21 21 20 18 21 18 23 21 18 26 21 18 21 21 22 25 17 26 18 18 17 26 22 21 26 18 11 22 16 18 21 18 23 23 26
21 19 15 18 15 23 13 20 21 21 19 21 17 17 16 19 21 18 17 19 19 16 14 13 22 18 19 18 17 15 20 18 18 19 15 20 18 21 23 21 18 25 22 18 25 19 20 20 20 16 20 23 20 22 16 15 22 16 22 18 17 18 21 21
13 16 18 15 18 22 12 15 19 14 17 20 22 17 13 15 17 18 12 17 17 13 17 13 16 19 15 15 18 18 18 16 16 13 16 18 18 13 18 16 13 20 20 18 21 16 19 13 22 14 22 19 15 17 17 10 15 14 15 17 18 17 15 18
9 15 13 11 16 21 12 16 16 13 12 17 17 16 17 13 13 18 11 16 17 14 16 13 14 18 12 14 17 17 14 16 14 11 17 17 14 12 14 15 11 19 17 18 19 15 18 16 17 14 21 19 15 18 16 10 13 11 13 16 17 17 17 17
21 19 13 21 13 20 14 16 20 20 21 21 20 13 18 19 15 17 14 17 20 14 13 13 18 19 15 17 15 17 18 14 17 19 20 19 16 17 22 20 18 22 19 20 21 21 24 16 18 17 21 19 23 21 16 13 17 18 19 18 16 23 18 22
16 15 20 13 17 23 13 15 21 14 15 14 17 15 16 17 18 19 18 15 16 11 18 15 17 15 16 17 17 16 16 18 16 13 14 16 15 17 19 15 13 16 19 19 21 16 20 14 17 15 23 18 17 19 17 12 17 13 14 16 15 18 15 20
11 16 13 14 11 18 10 14 15 11 14 18 13 11 12 14 11 15 13 12 12 8 10 11 12 11 11 13 9 16 12 10 11 17 17 16 15 16 16 12 15 13 15 13 12 16 17 16 12 14 16 15 17 13 14 12 14 11 12 12 13 11 17 18
12 18 16 14 13 19 9 14 16 8 14 16 11 13 13 16 13 16 10 13 13 14 15 12 14 15 14 10 12 17 12 16 14 12 16 15 13 11 13 14 12 13 14 17 15 15 16 15 16 17 17 16 18 15 17 10 15 11 11 12 16 11 15 19
14 18 18 16 13 20 9 12 20 13 17 19 19 17 14 15 15 18 12 17 19 14 16 12 16 19 16 17 14 19 17 16 14 19 17 16 18 16 21 18 16 14 20 22 22 14 23 17 17 16 22 18 15 18 16 15 17 16 18 17 16 20 18 24
12 16 18 15 14 18 13 14 15 14 12 20 16 13 16 18 15 19 12 17 17 10 14 14 12 11 15 11 11 16 17 15 15 12 16 15 12 8 15 16 11 17 15 18 18 13 17 15 18 14 18 19 20 17 15 8 15 16 15 16 16 16 16 19
12 17 17 16 12 22 13 15 19 17 14 21 17 16 14 15 16 14 10 16 15 11 16 9 13 14 17 16 15 16 15 10 14 13 18 17 14 13 19 18 11 16 17 19 21 16 19 12 16 15 20 19 17 17 15 9 14 12 15 17 15 19 12 19
14 18 16 14 18 21 13 15 15 13 15 18 18 15 15 14 13 16 14 17 17 12 17 13 15 13 15 11 14 17 13 15 11 13 16 16 15 13 13 16 13 15 21 16 19 14 18 15 11 12 16 17 17 14 20 8 19 17 17 17 15 11 17 17
14 18 18 17 13 19 11 17 17 15 16 22 17 16 14 18 15 16 12 20 19 16 16 16 16 19 14 13 17 18 16 16 13 17 18 17 16 15 19 15 12 17 18 19 23 16 25 20 15 14 18 18 16 19 15 14 17 16 19 16 17 19 19 22
13 12 14 16 15 16 11 15 16 14 16 16 15 10 13 14 14 15 11 13 15 13 12 13 13 15 15 11 13 13 9 14 13 13 18 18 14 14 16 19 11 20 20 17 18 18 19 14 19 14 20 17 15 17 15 12 16 13 16 15 15 18 17 21
14 17 17 16 13 21 10 16 16 15 16 22 15 15 15 12 16 16 13 15 14 12 13 10 15 15 14 17 16 14 15 12 15 14 15 16 16 12 15 20 14 18 13 15 19 14 18 16 17 15 17 16 12 16 13 11 11 16 13 15 15 13 13 20
19 21 22 23 20 25 16 20 23 20 20 26 24 23 19 20 21 20 17 24 22 15 21 17 21 20 19 18 21 20 21 24 18 20 22 23 20 18 21 26 19 25 23 24 30 19 23 23 21 21 23 26 21 20 24 15 23 22 21 24 22 20 22 25
15 19 16 17 13 19 14 16 17 17 14 17 19 15 16 14 18 13 13 14 17 11 17 11 14 14 17 15 13 15 16 12 16 11 19 17 14 16 17 19 14 17 22 14 16 17 21 15 16 18 20 20 14 18 17 12 15 16 15 14 16 15 13 20
14 21 20 16 16 22 13 15 22 15 14 19 19 19 14 17 19 16 16 15 20 15 18 10 12 17 18 12 14 17 17 15 15 13 19 14 13 15 15 20 14 17 16 21 20 16 22 13 18 16 20 17 16 18 20 11 16 14 16 19 15 19 17 25
13 15 10 17 13 15 7 15 13 15 15 13 12 16 15 14 16 17 10 17 13 12 12 10 15 15 12 11 14 15 14 12 11 15 16 17 14 13 14 17 14 16 17 15 14 13 18 13 13 10 15 19 15 15 17 12 16 12 15 15 14 12 18 15
17 18 19 18 14 20 16 20 22 14 17 21 15 15 13 17 16 16 12 18 17 13 15 17 16 22 17 18 18 16 19 17 18 12 17 17 18 16 19 18 17 18 24 17 22 15 21 22 17 19 24 24 19 20 16 16 17 15 15 19 16 17 21 23
