1152 1322 1137 1279 1346 1287 1513 1270 1476 1199 1205 1005 1294 1199 1559 1473 1279 1217 1145 1368 1191 1481 1446 1424 1157 1388 1232 1317 1276 1180 1174 1347 1219 957 1060 1358 1415 1214 1306 1315 1256 1089 1189 1403 1103 1445 996 1162 1031 1137 1272 1069 1136 1294 1592 1414 1523 1320 1313 1019 1428 1244 1485 1036
1109 1281 1136 1340 1521 1176 1466 1262 1367 1285 1216 1074 1416 1264 1440 1386 1123 1248 1057 1371 1284 1360 1419 1559 1118 1360 1273 1256 1275 1266 1200 1270 1197 955 1148 1355 1292 1301 1266 1459 1414 1155 1255 1297 1095 1408 1119 1331 1035 1203 1271 995 1097 1316 1473 1312 1380 1331 1295 950 1584 1328 1380 1270
1136 1256 1187 1295 1411 1251 1529 1133 1560 1170 1124 964 1277 1245 1373 1469 1042 1106 1243 1304 1344 1464 1293 1404 1119 1403 1206 1294 1151 1194 1213 1361 1149 870 1201 1334 1330 1307 1309 1292 1273 1134 1198 1343 1271 1319 950 1194 1068 1197 1267 946 1005 1296 1409 1183 1399 1329 1207 1015 1425 1337 1439 1170
1182 1321 1210 1209 1356 1178 1482 1169 1408 1282 1155 1109 1497 1206 1416 1368 1210 1088 1235 1290 1081 1367 1360 1350 1125 1443 1111 1093 1109 1262 1138 1363 1058 935 1143 1225 1216 1378 1229 1325 1175 1115 1216 1348 1111 1384 994 1167 1020 1133 1227 1110 974 1223 1561 1257 1406 1416 1250 943 1360 1340 1409 1220
1148 1208 1140 1100 1426 1078 1358 1036 1395 1330 1279 955 1496 1160 1437 1247 1034 1079 1197 1349 1192 1329 1373 1356 1060 1295 1036 1214 1229 1108 1095 1168 1099 823 1099 1157 1293 1213 1208 1262 1250 1141 1110 1405 1106 1267 908 1199 1083 1173 1142 1013 990 1182 1460 1284 1299 1213 1115 1032 1440 1341 1380 1195
1095 1305 1127 1200 1509 1215 1388 1140 1339 1127 1132 1004 1400 1125 1358 1318 1065 1120 1070 1264 1097 1358 1457 1282 1020 1314 1204 1248 1168 1158 1091 1342 1171 876 1076 1284 1234 1216 1383 1307 1232 1129 1213 1263 1177 1345 979 1168 1067 1166 1191 1018 949 1148 1463 1227 1425 1320 1335 1018 1319 1144 1256 1065
1040 1371 1109 1322 1216 1101 1537 1275 1366 1131 1066 1019 1258 1203 1331 1428 1263 1186 1069 1241 1127 1495 1262 1413 1014 1283 1220 1177 1167 1231 1273 1251 1133 972 1195 1376 1269 1414 1340 1395 1218 1133 1311 1198 1184 1406 1031 1009 966 1122 1174 946 1078 1229 1429 1253 1367 1412 1303 1043 1330 1208 1361 1026
1132 1163 1086 1256 1303 1072 1276 1129 1325 1067 1114 851 1246 1120 1204 1362 1007 995 1197 1294 1065 1339 1184 1312 977 1180 1149 1143 986 1033 1005 1269 1115 879 1082 1037 1205 1292 1144 1222 1194 1086 1076 1262 975 1344 1006 1026 958 1058 1093 986 934 1037 1255 1205 1349 1233 1224 1088 1360 1171 1286 1090
1071 1330 1148 1205 1407 1169 1367 1180 1374 1198 1051 1091 1491 1123 1338 1291 1087 1040 1095 1156 1074 1267 1495 1439 1013 1286 1153 1219 1201 1115 1153 1309 1153 863 1118 1284 1211 1246 1382 1315 1210 1199 1278 1317 1185 1303 1012 1188 1025 1237 1189 984 996 1149 1292 1333 1390 1328 1295 984 1398 1150 1306 1126
1038 1352 1201 1344 1315 1229 1482 1225 1560 1131 1091 1063 1473 1241 1526 1408 1231 1009 1192 1362 1116 1446 1235 1473 1045 1394 1297 1161 1171 1193 1274 1333 1142 1051 1273 1332 1395 1238 1247 1443 1302 1062 1241 1328 1114 1379 1166 1092 1004 1141 1297 1012 1038 1315 1420 1302 1336 1449 1346 1056 1562 1332 1388 1068
1289 1535 1405 1335 1539 1358 1631 1283 1573 1380 1347 1148 1635 1418 1602 1512 1210 1250 1432 1511 1400 1707 1467 1666 1186 1572 1189 1378 1280 1295 1369 1414 1236 1093 1244 1413 1495 1418 1417 1408 1382 1304 1524 1480 1311 1447 1119 1192 1202 1364 1350 1089 1122 1390 1707 1422 1498 1484 1171 1185 1591 1446 1526 1317
1128 1296 1349 1338 1428 1461 1627 1225 1567 1140 1230 1033 1538 1287 1474 1495 1190 1238 1248 1344 1271 1561 1398 1494 1179 1355 1098 1389 1327 1245 1176 1316 1190 969 1277 1300 1410 1341 1274 1354 1399 1262 1183 1373 1247 1413 1096 1191 1045 1361 1238 1217 1008 1338 1522 1349 1471 1560 1286 1051 1584 1302 1389 1242
1087 1281 1391 1403 1361 1354 1608 1231 1644 1334 1287 1194 1524 1436 1628 1577 1341 1365 1419 1333 1337 1567 1456 1569 1239 1490 1353 1249 1367 1346 1160 1401 1185 1194 1320 1453 1473 1410 1437 1375 1419 1358 1460 1420 1297 1585 1010 1096 1169 1387 1387 1182 1209 1476 1573 1354 1520 1480 1324 1034 1538 1370 1450 1370
1141 1383 1340 1341 1486 1281 1395 1179 1496 1179 1221 1096 1480 1324 1443 1383 1126 1147 1334 1369 1152 1300 1380 1375 1003 1336 1244 1102 1260 1090 1172 1276 1196 1025 1303 1315 1447 1310 1322 1356 1368 1285 1401 1432 1126 1418 1089 1091 995 1268 1309 979 1144 1160 1571 1354 1454 1402 1335 1054 1545 1345 1346 1272
1080 1342 1239 1309 1410 1267 1462 1269 1376 1190 1028 1075 1400 1225 1326 1360 1167 1082 1244 1310 1100 1437 1417 1578 1146 1276 1207 1233 1089 1113 1261 1217 1110 991 1138 1264 1381 1354 1349 1367 1365 1241 1338 1310 1152 1453 1050 1149 1115 1214 1238 905 1112 1154 1354 1310 1378 1443 1286 1190 1511 1246 1358 1122
1213 1529 1195 1316 1445 1236 1605 1523 1561 1295 1298 1096 1521 1305 1662 1547 1313 1275 1268 1449 1280 1542 1564 1611 1295 1514 1308 1369 1300 1409 1330 1493 1260 1017 1254 1382 1510 1460 1305 1550 1427 1162 1383 1444 1146 1472 1156 1277 1190 1192 1325 1171 1147 1447 1608 1453 1447 1531 1314 1160 1634 1378 1465 1260
1238 1313 1254 1387 1591 1345 1613 1277 1514 1131 1284 1092 1580 1242 1419 1451 1124 1311 1314 1466 1284 1523 1442 1632 1139 1485 1283 1359 1301 1273 1236 1441 1169 1128 1281 1461 1478 1237 1381 1531 1489 1303 1341 1501 1235 1375 1094 1167 1103 1253 1259 1186 1111 1340 1604 1576 1499 1562 1255 1092 1564 1285 1490 1242
1037 1289 992 1037 1260 1030 1344 1035 1217 1081 1161 922 1126 1074 1236 1305 1029 967 1221 1110 1114 1276 1219 1300 1080 1178 1075 1015 931 1081 1182 1146 1018 871 1029 1063 1139 1151 1236 1303 1183 1035 1192 1328 1045 1326 888 1050 988 982 1140 860 857 1131 1269 1182 1266 1230 1219 922 1234 1156 1237 1079
1282 1510 1273 1484 1638 1289 1585 1303 1692 1427 1331 1146 1550 1351 1667 1636 1354 1310 1466 1603 1247 1686 1516 1591 1193 1429 1199 1364 1361 1337 1385 1433 1335 1079 1299 1503 1606 1429 1480 1563 1575 1373 1446 1592 1379 1705 1211 1212 1312 1401 1386 1152 1091 1537 1747 1484 1644 1535 1408 1176 1692 1497 1600 1328
1055 1250 1129 1251 1341 1321 1367 1179 1410 1091 1044 1014 1255 1233 1336 1320 1042 970 1124 1186 1158 1362 1393 1460 1072 1200 1169 1239 1244 1188 1195 1208 1078 944 1104 1223 1175 1118 1161 1211 1211 1096 1152 1268 1123 1287 1006 1103 1028 1140 1184 991 1101 1133 1334 1302 1256 1286 1236 887 1407 1185 1225 968
1179 1362 1167 1261 1345 1274 1562 1290 1490 1261 1133 1074 1426 1295 1577 1501 1232 1225 1357 1284 1260 1448 1458 1403 1169 1431 1223 1248 1316 1220 1187 1378 1244 1084 1259 1394 1482 1275 1289 1394 1368 1296 1349 1460 1183 1495 1009 1214 1084 1209 1335 1080 1039 1377 1597 1451 1512 1376 1360 1034 1618 1304 1429 1304
1152 1306 1129 1295 1369 1225 1573 1187 1377 1086 1071 1179 1407 1217 1362 1315 1075 1131 980 1335 1217 1367 1376 1516 1020 1320 1227 1214 1299 1175 1273 1215 1126 967 1242 1251 1228 1274 1297 1380 1223 1175 1312 1283 1196 1261 1106 1019 1067 1166 1247 1052 1050 1264 1418 1345 1320 1443 1339 950 1480 1184 1311 1240
1205 1278 1290 1365 1554 1223 1603 1225 1389 1253 1186 1009 1505 1283 1504 1450 1285 1295 1231 1302 1268 1396 1343 1423 1008 1416 1218 1271 1317 1147 1087 1426 1324 1028 1169 1351 1503 1407 1386 1409 1413 1212 1265 1271 1210 1384 1045 1277 1079 1288 1272 1062 1116 1226 1509 1421 1507 1438 1297 1027 1487 1296 1408 1186
1238 1273 1341 1375 1520 1279 1561 1153 1513 1265 1273 1052 1498 1279 1536 1557 1211 1281 1348 1389 1296 1610 1344 1396 1119 1431 1240 1280 1320 1183 1200 1467 1203 1069 1236 1437 1452 1340 1414 1398 1363 1271 1263 1425 1314 1520 1145 1123 1328 1340 1324 1079 988 1441 1463 1310 1507 1452 1237 1165 1531 1345 1482 1274
1137 1249 1130 1343 1453 1161 1547 1277 1335 1304 1159 1010 1427 1322 1375 1358 1135 1189 1172 1432 1203 1528 1310 1412 976 1471 1254 1181 1271 1241 1253 1254 1150 1061 1163 1432 1359 1298 1376 1411 1373 1235 1243 1294 1090 1388 1026 1227 999 1117 1210 1044 1066 1399 1531 1211 1405 1335 1239 1130 1627 1315 1441 1226
1104 1172 1036 1130 1392 1094 1379 1088 1383 1234 1174 937 1417 1121 1323 1337 1080 1058 1141 1311 1170 1319 1316 1329 967 1295 1013 1079 1160 1081 1082 1252 1107 921 1080 1128 1355 1154 1146 1223 1378 1120 1141 1294 1199 1265 978 1083 966 1227 1191 1039 1012 1237 1372 1235 1272 1239 1105 888 1430 1367 1263 1177
1323 1560 1369 1436 1535 1444 1818 1389 1667 1342 1361 1122 1586 1434 1557 1538 1178 1352 1415 1582 1442 1661 1556 1733 1203 1604 1391 1438 1381 1274 1321 1526 1284 1111 1359 1541 1521 1476 1501 1586 1521 1294 1478 1544 1245 1519 1189 1276 1063 1345 1378 1179 1211 1451 1672 1551 1532 1539 1436 1260 1674 1505 1544 1243
1002 1158 1081 1064 1228 987 1238 1065 1192 941 1040 835 1173 1022 1205 1141 893 993 959 1217 1032 1235 1184 1302 907 1105 1072 1007 1015 949 967 1117 1026 910 1044 1072 1168 1121 1243 1115 1113 965 1173 1072 981 1150 853 997 983 1058 1075 877 904 1029 1152 1162 1131 1177 1072 952 1299 1046 1093 901
1323 1545 1356 1460 1616 1334 1734 1377 1724 1442 1488 1172 1636 1389 1510 1681 1386 1349 1438 1595 1354 1673 1583 1741 1191 1468 1239 1228 1424 1333 1510 1318 1389 1116 1370 1460 1634 1512 1637 1585 1629 1367 1395 1686 1250 1669 1256 1301 1193 1450 1370 1053 1156 1440 1676 1473 1566 1605 1482 1272 1774 1616 1586 1452
1204 1412 1291 1484 1496 1440 1546 1406 1620 1349 1277 1150 1622 1403 1541 1704 1263 1302 1330 1552 1343 1677 1498 1606 1270 1428 1272 1292 1276 1328 1358 1546 1214 1060 1246 1392 1551 1346 1321 1549 1468 1292 1278 1648 1310 1573 1222 1291 1215 1367 1286 1092 1140 1347 1529 1454 1623 1596 1386 1192 1673 1468 1614 1292
1047 1152 1036 1022 1184 1084 1219 1079 1078 1079 1097 835 1283 1068 1253 1127 982 972 1021 1284 1091 1272 1188 1328 880 1149 1043 1109 989 1039 1054 1149 1013 847 884 1201 1222 1110 1132 1192 1106 1021 1108 1094 1022 1147 878 1055 931 1005 1081 871 989 1026 1299 1227 1217 1172 1085 951 1287 1045 1170 1001
1287 1365 1256 1391 1577 1385 1602 1305 1498 1327 1323 1101 1441 1343 1539 1622 1209 1249 1353 1500 1312 1621 1479 1644 1153 1441 1206 1304 1286 1179 1337 1428 1287 1150 1207 1399 1534 1312 1466 1399 1463 1306 1424 1478 1275 1497 1151 1264 1250 1344 1367 1114 1204 1359 1551 1419 1507 1506 1368 1126 1692 1378 1381 1272
1363 1525 1308 1342 1481 1200 1864 1289 1640 1354 1341 1209 1555 1361 1571 1581 1312 1388 1357 1361 1264 1427 1525 1487 1198 1489 1205 1302 1404 1267 1305 1553 1391 1124 1276 1401 1466 1449 1480 1535 1383 1293 1395 1407 1313 1535 1154 1213 1187 1366 1368 1127 1096 1511 1692 1517 1429 1475 1314 1010 1568 1513 1577 1291
1074 1295 1135 1187 1332 1148 1393 1162 1433 1238 1209 1015 1420 1171 1476 1285 1127 1053 1207 1331 1089 1371 1331 1302 1104 1281 1105 1154 1205 1173 1257 1251 1187 918 1135 1182 1387 1301 1248 1281 1237 1166 1212 1402 1093 1428 969 1167 1019 1146 1182 926 1041 1117 1422 1318 1338 1339 1255 1054 1375 1252 1357 1262
1188 1386 1114 1400 1337 1150 1537 1366 1411 1217 1105 1043 1378 1311 1455 1492 1208 1145 1263 1375 1194 1511 1313 1449 1149 1377 1330 1295 1273 1225 1293 1536 1163 1075 1283 1177 1377 1274 1244 1437 1211 1174 1343 1439 1171 1404 1100 1207 1091 1182 1222 1142 1130 1369 1445 1354 1474 1452 1289 1054 1541 1280 1474 1209
1176 1183 1138 1221 1259 1143 1445 1209 1372 1257 1194 1097 1357 1191 1402 1365 1066 1194 1165 1269 1182 1407 1288 1454 1102 1302 1096 1222 1178 1100 1105 1262 1150 908 1184 1058 1087 1279 1143 1348 1247 1151 1151 1312 1095 1366 1075 1138 1004 1132 1079 1033 1044 1166 1398 1264 1239 1300 1146 1008 1410 1268 1313 1194
1000 1155 1123 1220 1257 1210 1289 1154 1353 1070 1122 849 1203 1206 1313 1336 1056 1025 1109 1181 1188 1356 1222 1407 995 1221 1118 1149 1066 1080 1130 1160 1058 986 1111 1346 1280 1252 1294 1321 1284 1145 1159 1184 1010 1318 1011 968 1021 1060 1135 886 993 1133 1221 1168 1333 1314 1169 1094 1445 1128 1291 1121
1199 1317 1149 1296 1478 1204 1503 1131 1401 1297 1261 1051 1370 1181 1489 1354 1276 1223 1153 1321 1223 1405 1382 1451 1043 1381 1219 1228 1219 1160 1099 1282 1177 952 1238 1342 1438 1374 1324 1491 1299 1142 1202 1314 1098 1465 1018 1146 1088 1248 1350 1032 1044 1361 1467 1326 1366 1433 1285 1056 1551 1352 1372 1224
1167 1386 1267 1355 1484 1345 1549 1250 1539 1289 1254 1185 1490 1369 1540 1572 1282 1278 1366 1415 1260 1651 1484 1541 1065 1536 1263 1333 1284 1227 1299 1275 1262 1077 1230 1363 1390 1287 1462 1337 1337 1327 1417 1450 1337 1482 988 1094 1073 1401 1366 1101 1073 1339 1659 1444 1551 1456 1374 1037 1575 1358 1395 1168
1017 1096 1074 1056 1280 1106 1276 1080 1329 1130 1062 840 1242 1082 1231 1274 1010 905 1119 1183 994 1316 1264 1334 975 1168 1075 1061 1046 1131 1160 1130 1044 834 941 1223 1226 1216 1227 1140 1213 1033 980 1308 1063 1298 943 1103 954 1193 1102 874 923 1115 1241 1222 1274 1220 1150 953 1259 1211 1335 1048
985 1250 1208 1228 1369 1175 1482 1192 1375 1023 1316 1032 1336 1218 1397 1352 1278 1297 1181 1270 1174 1353 1374 1515 1037 1220 1154 1074 1273 1110 1084 1299 1133 1122 1158 1230 1493 1335 1330 1335 1392 1203 1404 1247 1012 1438 1029 910 971 1225 1300 1102 1049 1286 1411 1372 1342 1414 1248 998 1455 1207 1267 1140
1284 1520 1340 1339 1555 1396 1612 1412 1552 1377 1328 1207 1746 1415 1729 1583 1320 1304 1269 1446 1373 1581 1588 1640 1249 1465 1218 1304 1372 1300 1301 1443 1371 1095 1311 1407 1513 1468 1382 1570 1399 1320 1486 1550 1396 1588 1280 1335 1302 1376 1448 1172 1141 1306 1598 1553 1493 1574 1423 1166 1714 1436 1505 1320
1087 1296 1214 1206 1325 1198 1427 1110 1499 1155 1329 1032 1457 1320 1554 1384 1201 1076 1266 1407 1105 1452 1379 1420 1136 1365 1142 1155 1188 1278 1110 1257 1132 1017 1252 1179 1295 1307 1215 1381 1364 1144 1297 1308 1081 1405 1077 1022 1064 1204 1328 1031 990 1282 1521 1249 1284 1325 1268 1012 1428 1387 1236 1127
1141 1410 1217 1411 1342 1205 1597 1329 1503 1274 1304 1134 1493 1358 1554 1488 1209 1326 1285 1452 1198 1539 1384 1529 1223 1307 1245 1343 1375 1285 1238 1417 1215 1037 1272 1327 1453 1408 1232 1479 1329 1261 1317 1412 1184 1521 1082 1254 1103 1231 1231 1117 1135 1424 1617 1501 1437 1432 1316 1139 1596 1367 1518 1169
1159 1254 1085 1217 1300 1086 1598 1094 1538 1147 1260 963 1399 1117 1301 1350 1127 1246 1160 1305 1219 1379 1305 1454 1062 1291 1001 1159 1111 1167 1070 1307 1137 937 1109 1305 1317 1341 1325 1330 1355 1234 1084 1264 1149 1365 956 1039 994 1238 1239 987 934 1268 1330 1402 1294 1282 1160 958 1396 1384 1411 1117
1101 1376 1076 1282 1283 1080 1432 1302 1349 1182 1054 983 1414 1143 1317 1408 1229 1062 1159 1235 1087 1333 1365 1399 1072 1298 1111 1182 1151 1193 1232 1179 1205 913 1047 1250 1351 1280 1234 1363 1215 1135 1223 1349 1107 1296 1063 1147 972 1098 1147 935 918 1136 1398 1321 1313 1293 1309 1000 1455 1282 1407 1084
1199 1275 1243 1276 1547 1398 1459 1214 1502 1251 1206 1073 1452 1280 1508 1433 1191 1093 1280 1447 1343 1469 1444 1557 1092 1481 1271 1186 1227 1237 1255 1245 1202 1060 1189 1405 1430 1276 1360 1343 1382 1275 1349 1449 1248 1426 1118 1183 1130 1280 1391 1042 1151 1280 1518 1372 1560 1370 1298 960 1583 1377 1426 1307
1299 1365 1292 1332 1478 1234 1627 1210 1484 1366 1285 1222 1541 1329 1522 1486 1217 1215 1279 1382 1268 1341 1494 1493 1108 1508 1250 1319 1408 1111 1190 1328 1235 1043 1301 1320 1310 1392 1335 1513 1368 1303 1361 1483 1142 1459 1200 1171 1008 1188 1323 1095 1201 1339 1613 1456 1424 1505 1254 1075 1605 1397 1554 1333
1307 1463 1392 1468 1690 1434 1640 1368 1673 1282 1370 1266 1657 1416 1697 1584 1222 1317 1307 1485 1359 1577 1497 1559 1204 1527 1239 1460 1402 1372 1254 1487 1412 973 1302 1381 1492 1511 1330 1449 1414 1392 1337 1450 1279 1460 1203 1281 1230 1373 1452 1250 977 1379 1644 1546 1519 1440 1414 1117 1681 1411 1360 1199
1312 1361 1243 1206 1498 1378 1521 1276 1499 1319 1332 1093 1550 1338 1585 1427 1216 1088 1373 1369 1246 1453 1431 1454 1074 1486 1223 1215 1308 1243 1307 1290 1362 1028 1260 1364 1484 1437 1380 1468 1234 1315 1428 1468 1203 1424 1168 1251 1194 1276 1395 1071 978 1314 1571 1466 1476 1330 1254 1103 1733 1408 1460 1287
994 1150 1060 1148 1256 990 1262 1079 1206 1047 1080 937 1345 1022 1269 1167 998 1033 1197 1194 979 1269 1143 1238 989 1221 1147 1124 943 1085 1018 1233 1093 783 1006 1095 1139 1175 1082 1287 1143 1080 1136 1230 997 1225 922 1077 912 1021 1010 969 945 1103 1287 1234 1288 1207 1094 990 1205 1073 1249 1033
1087 1203 1155 1159 1254 1285 1481 1148 1429 1119 1045 1012 1328 1181 1221 1399 1011 1103 1062 1209 1251 1286 1239 1400 986 1344 1127 1095 1086 1039 1119 1294 1056 966 1218 1236 1252 1200 1272 1214 1216 1109 1232 1200 1173 1208 974 1084 880 1170 1214 952 1001 1098 1281 1250 1346 1310 1186 918 1488 1266 1190 1093
1003 1321 1246 1408 1376 1259 1574 1170 1653 1145 1161 945 1312 1235 1406 1489 1260 1184 1279 1315 1207 1500 1298 1484 1130 1329 1164 1242 1335 1208 1325 1274 1169 1062 1201 1335 1405 1261 1331 1160 1504 1210 1129 1327 1151 1538 1101 1073 935 1232 1359 984 1140 1290 1520 1232 1400 1351 1263 1096 1421 1359 1341 1213
1282 1349 1289 1350 1481 1323 1562 1293 1612 1217 1279 1071 1491 1290 1509 1500 1184 1151 1356 1406 1299 1605 1512 1617 1142 1326 1209 1260 1192 1278 1325 1352 1263 997 1253 1406 1395 1444 1437 1456 1414 1289 1331 1410 1286 1490 1130 1243 1208 1354 1314 1022 1127 1245 1441 1343 1507 1426 1386 1052 1567 1345 1406 1230
1130 1378 1267 1288 1426 1315 1521 1288 1480 1225 1264 1163 1439 1270 1463 1442 1153 1138 1203 1329 1248 1441 1399 1540 1143 1307 1156 1171 1298 1237 1393 1373 1182 991 1137 1330 1465 1311 1362 1322 1216 1213 1364 1389 1203 1390 1087 1171 1174 1252 1319 1083 1104 1385 1491 1403 1425 1416 1256 1031 1628 1354 1417 1181
1313 1385 1273 1325 1446 1299 1578 1191 1590 1291 1366 1088 1540 1294 1535 1394 1158 1156 1312 1345 1314 1471 1428 1570 1182 1382 1257 1327 1259 1153 1130 1383 1254 1019 1339 1163 1374 1370 1306 1457 1359 1193 1330 1412 1142 1310 1141 1202 1114 1390 1226 1160 1108 1331 1445 1376 1495 1331 1283 1021 1512 1453 1480 1272
1339 1470 1307 1459 1711 1456 1734 1440 1619 1364 1487 1166 1619 1464 1657 1587 1377 1380 1402 1651 1369 1643 1671 1733 1166 1583 1410 1449 1483 1193 1345 1592 1402 1134 1456 1395 1601 1499 1596 1739 1566 1409 1512 1654 1276 1644 1212 1361 1185 1399 1460 1288 1311 1439 1634 1566 1638 1712 1535 1293 1837 1451 1593 1347
1303 1509 1333 1443 1578 1273 1700 1429 1678 1424 1350 1076 1590 1446 1635 1564 1313 1367 1334 1635 1294 1714 1583 1683 1165 1591 1423 1423 1364 1413 1326 1566 1333 1180 1353 1602 1570 1556 1629 1516 1527 1364 1443 1456 1287 1627 1145 1365 1170 1472 1390 1186 1228 1489 1689 1511 1685 1529 1451 1272 1737 1427 1594 1332
1078 1266 1249 1241 1246 1112 1494 1051 1375 1076 1099 983 1329 1195 1368 1290 1176 1066 1255 1253 1209 1421 1212 1343 1053 1341 1246 1146 1202 1212 1163 1136 1244 1100 1229 1275 1243 1192 1255 1259 1234 1245 1330 1322 1087 1368 1066 1032 982 1127 1227 858 1005 1174 1477 1242 1344 1320 1150 924 1291 1212 1368 1228
935 1097 1048 1162 1271 1050 1250 1077 1356 1075 926 876 1146 1086 1283 1210 973 1020 1060 1122 1107 1226 1232 1329 948 1189 999 1041 1143 1096 1002 1102 1004 814 989 1178 1229 1113 1111 1043 1226 923 1127 1072 1011 1154 911 979 926 1076 1060 827 972 1181 1281 1025 1146 1163 965 816 1341 1169 1044 1079
1141 1284 1233 1228 1376 1290 1489 1243 1412 1229 1318 964 1467 1239 1564 1374 1178 1297 1197 1367 1158 1515 1457 1509 1175 1389 1160 1301 1167 1236 1126 1368 1297 927 1057 1326 1404 1438 1281 1403 1487 1241 1330 1366 1078 1499 1043 1092 1169 1203 1324 1021 969 1258 1501 1431 1331 1410 1308 1169 1354 1179 1366 1224
960 1117 998 1160 1213 1065 1201 1040 1202 1108 1026 959 1093 1137 1270 1238 1051 1091 1030 1187 1134 1293 1151 1305 978 1168 1005 1026 1118 1023 1035 1054 1051 868 972 1127 1223 1098 1133 1212 1099 1032 1037 1315 1002 1305 866 1012 950 1093 1058 914 821 1177 1254 1244 1294 1331 1141 925 1303 1037 1275 1106
1177 1350 1204 1249 1355 1308 1520 1324 1414 1224 1377 1016 1389 1317 1416 1480 1180 1329 1211 1348 1261 1471 1448 1453 1066 1424 1249 1188 1217 1204 1225 1402 1230 1159 1098 1325 1423 1247 1534 1373 1245 1242 1370 1323 1197 1435 955 1098 1143 1237 1229 1119 1052 1295 1506 1405 1507 1424 1334 1014 1479 1143 1267 1131
1178 1425 1238 1269 1399 1303 1440 1309 1574 1161 1228 1025 1288 1281 1441 1422 1148 1097 1245 1279 1241 1417 1415 1510 1122 1363 1313 1271 1247 1191 1320 1358 1226 1016 1246 1217 1481 1345 1298 1329 1354 1123 1317 1368 1113 1393 1009 1097 1036 1300 1225 1059 1144 1269 1512 1412 1512 1456 1268 1000 1438 1213 1274 1234
