1395 1462 1335 1293 1376 1129 1190 1314 1268 1312 1324 1241 1398 1355 1280 1569 1321 1225 1196 1328 1503 1244 1610 1535 1296 1200 1377 1466 1247 1262 1196 1365 1336 1169 1094 1301 1235 1269 1279 1428 1323 1327 1350 1622 1254 1365 1250 1227 1351 1557 1347 1312 1119 1439 1133 1244 1328 1327 1408 1515 1676 1268 1423 1276
1460 1300 1221 1323 1275 1259 1132 1391 1263 1458 1248 1347 1401 1496 1382 1406 1223 1160 1252 1371 1446 1196 1629 1514 1430 1344 1278 1415 1346 1270 1122 1382 1309 1108 1288 1349 1308 1140 1323 1204 1242 1455 1412 1563 1119 1448 1183 1274 1447 1453 1363 1350 1131 1363 1264 1265 1154 1221 1452 1545 1478 1311 1332 1464
1331 1205 1132 1046 1184 1127 1118 1094 1066 1205 1039 1069 1275 1294 1247 1196 1009 1247 1121 1311 1276 1015 1352 1307 1187 1310 1260 1204 1175 1179 1082 1155 1099 1138 1001 1275 958 1105 1084 1058 1128 1299 1325 1264 1062 1177 1182 1103 1148 1262 1105 1298 1064 1132 1091 1178 1095 1045 1290 1284 1360 1094 1221 1163
1390 1404 1308 1377 1331 1125 1192 1363 1436 1344 1428 1317 1336 1398 1367 1568 1214 1287 1217 1480 1580 1264 1551 1611 1357 1266 1348 1441 1341 1314 1227 1356 1370 1124 1165 1437 1198 1237 1347 1347 1343 1470 1367 1539 1146 1456 1378 1180 1426 1498 1368 1351 1212 1436 1182 1282 1361 1308 1358 1458 1655 1399 1378 1357
1424 1201 1237 1347 1184 1215 1158 1257 1264 1284 1226 1254 1321 1455 1349 1316 1228 1336 1185 1362 1404 1192 1437 1377 1263 1318 1407 1338 1324 1240 1139 1222 1213 1109 1044 1393 1011 1212 1185 1192 1147 1389 1338 1427 1151 1361 1144 1181 1114 1352 1325 1396 1038 1332 1048 1321 1211 1224 1268 1322 1537 1232 1388 1362
1307 1161 1242 1289 1077 1031 1158 1231 1184 1237 1225 1118 1239 1280 1465 1247 1162 1302 1099 1205 1241 1195 1442 1239 1233 1158 1255 1185 1285 1098 1025 1279 1212 917 1029 1326 1070 1260 1104 1098 1051 1263 1329 1456 1195 1527 1101 1122 1238 1209 1225 1241 1170 1307 987 1239 1103 1236 1338 1139 1383 1299 1298 1413
1464 1322 1337 1274 1286 1232 1228 1386 1392 1347 1263 1352 1421 1378 1315 1297 1284 1351 1327 1522 1544 1160 1513 1586 1561 1318 1380 1472 1406 1259 1221 1356 1453 1179 1150 1337 1026 1206 1190 1303 1226 1430 1318 1420 1235 1481 1301 1255 1394 1460 1408 1291 1140 1332 1217 1370 1112 1125 1459 1452 1640 1387 1351 1462
1454 1405 1362 1358 1321 1147 1278 1439 1353 1342 1376 1299 1388 1387 1448 1428 1339 1303 1102 1369 1502 1222 1688 1496 1319 1200 1272 1370 1276 1307 1160 1262 1365 1046 1162 1291 1130 1232 1120 1158 1231 1395 1415 1587 1153 1360 1071 1198 1540 1351 1254 1297 1253 1491 1177 1240 1164 1306 1343 1394 1412 1318 1478 1424
1384 1187 1202 1256 1217 1136 1152 1292 1298 1178 1222 1119 1233 1182 1181 1249 1050 1206 1139 1350 1445 1068 1397 1405 1323 1311 1181 1279 1236 1112 1075 1039 1280 1086 921 1259 1013 1169 1033 1134 1152 1278 1330 1433 1070 1240 1092 1181 1199 1286 1147 1264 1087 1315 1098 1196 1194 1125 1180 1289 1466 1228 1332 1312
1373 1180 1181 1241 1229 1143 1160 1348 1221 1278 1196 1332 1316 1372 1223 1327 1216 1290 1216 1391 1377 1071 1448 1442 1335 1208 1213 1280 1300 1281 1039 1289 1252 1074 1155 1395 1186 1236 1284 1282 1037 1265 1305 1300 1087 1436 1169 1192 1238 1449 1418 1265 1020 1271 1059 1264 1280 1214 1366 1324 1591 1334 1361 1215
1325 1145 1147 1125 1134 1092 1170 1215 1130 1289 1165 1073 1173 1219 1215 1229 1057 1241 1088 1357 1242 1167 1309 1304 1149 1115 1411 1258 1170 1098 1094 1163 1115 1085 969 1204 891 1191 1119 1007 1163 1311 1279 1339 1092 1165 1013 1121 1176 1266 1173 1238 1188 1334 1066 1110 1224 1136 1255 1215 1382 1132 1291 1291
1296 1226 1218 1227 1117 1059 1044 1244 1164 1321 1147 1175 1418 1224 1249 1380 1284 1183 1271 1362 1329 1034 1363 1513 1230 1187 1312 1429 1308 1198 1116 1366 1251 992 1136 1367 1112 1211 1346 1113 1106 1368 1296 1417 1160 1287 1231 1094 1423 1357 1205 1329 1124 1252 1173 1176 1123 1204 1292 1429 1538 1301 1244 1251
1571 1349 1441 1454 1529 1366 1510 1478 1455 1367 1427 1230 1496 1517 1497 1650 1459 1416 1381 1533 1659 1394 1661 1668 1430 1450 1569 1415 1520 1341 1432 1429 1509 1296 1216 1513 1252 1487 1273 1496 1442 1571 1400 1565 1352 1603 1265 1425 1430 1608 1403 1450 1216 1531 1335 1391 1386 1437 1514 1541 1799 1484 1485 1504
1510 1440 1358 1416 1382 1311 1379 1351 1370 1386 1422 1338 1471 1380 1457 1362 1187 1330 1303 1630 1577 1178 1454 1467 1424 1312 1484 1440 1496 1275 1277 1362 1403 1215 1141 1412 1132 1392 1318 1312 1322 1348 1359 1528 1306 1405 1252 1214 1287 1456 1413 1414 1141 1459 1186 1340 1380 1283 1559 1515 1626 1275 1511 1389
1427 1239 1336 1245 1274 1133 1265 1383 1231 1254 1265 1275 1453 1307 1363 1455 1323 1221 1243 1344 1388 1100 1485 1496 1420 1242 1362 1335 1145 1379 1120 1327 1385 1193 1100 1296 1149 1216 1185 1332 1271 1349 1288 1590 1278 1610 1243 1275 1279 1395 1285 1178 1191 1260 1083 1305 1241 1234 1423 1461 1575 1352 1362 1241
1677 1335 1335 1403 1452 1231 1456 1629 1285 1501 1271 1200 1620 1527 1486 1585 1432 1344 1358 1445 1464 1335 1511 1690 1359 1552 1588 1504 1369 1517 1365 1329 1378 1236 1220 1508 1273 1426 1281 1273 1189 1593 1300 1542 1355 1543 1276 1289 1462 1573 1397 1399 1193 1350 1297 1370 1396 1239 1411 1577 1749 1470 1426 1518
1351 1277 1228 1301 1123 1072 1279 1240 1267 1263 1173 1312 1369 1385 1374 1342 1220 1274 1203 1416 1378 1241 1374 1362 1247 1180 1398 1248 1145 1255 1265 1268 1222 1132 1227 1338 1113 1405 1310 1270 1180 1324 1401 1490 1185 1358 1129 1192 1328 1266 1338 1370 1213 1308 1177 1279 1256 1196 1411 1366 1505 1253 1315 1279
1456 1284 1416 1332 1443 1395 1483 1464 1369 1341 1372 1228 1532 1418 1437 1476 1411 1437 1291 1517 1546 1189 1552 1615 1477 1432 1358 1363 1423 1347 1132 1364 1406 1279 1283 1365 1165 1447 1226 1257 1370 1439 1343 1543 1110 1547 1187 1277 1532 1591 1255 1405 1246 1387 1348 1352 1276 1267 1516 1579 1684 1407 1444 1430
1224 1194 1103 1190 1141 1000 1130 1109 1075 1035 1214 1082 1165 1220 1102 1177 1133 970 1137 1281 1225 956 1234 1228 1184 1060 1118 1097 1017 1153 1051 966 1072 966 1021 1184 973 996 1150 1151 1074 1238 1059 1306 1218 1260 994 998 1169 1193 1209 1144 836 1140 899 1041 1033 1110 1206 1195 1302 939 1154 1021
1329 1284 1280 1355 1289 1308 1115 1394 1112 1439 1282 1281 1306 1324 1325 1313 1210 1438 1282 1550 1433 1161 1426 1513 1454 1238 1286 1365 1307 1249 1046 1302 1306 1153 1025 1325 1078 1195 1361 1223 1125 1502 1434 1441 1213 1447 1256 1163 1233 1458 1342 1286 1193 1249 1213 1256 1235 1190 1348 1445 1520 1340 1389 1301
1108 1114 1119 1142 1004 944 1049 1095 1082 1007 900 916 1205 1153 985 1218 993 946 995 1010 1113 936 1311 1287 1059 1122 1150 1117 1041 1040 924 1005 1130 904 992 1054 930 1075 946 941 961 1125 1181 1207 1038 1264 995 918 1035 1203 989 1096 899 963 946 1087 933 1006 1156 1250 1322 1137 1058 1229
1388 1275 1280 1343 1232 1186 1336 1399 1296 1311 1261 1308 1402 1501 1385 1203 1085 1297 1213 1353 1442 1215 1594 1325 1428 1210 1292 1303 1328 1266 1208 1223 1230 1087 1178 1330 1094 1328 1199 1219 1183 1371 1385 1575 1250 1295 1143 1176 1460 1324 1284 1386 1184 1392 1139 1236 1250 1116 1451 1387 1548 1243 1433 1422
1252 1348 1343 1358 1219 1171 1261 1287 1156 1176 1267 1201 1379 1286 1356 1419 1172 1272 1173 1372 1483 1072 1481 1444 1377 1247 1356 1262 1300 1231 1204 1227 1362 1118 1071 1250 1155 1337 1236 1311 1210 1274 1300 1564 1269 1443 1158 1200 1247 1417 1296 1242 1122 1291 1262 1114 1179 1244 1420 1360 1506 1221 1271 1354
1459 1455 1473 1464 1316 1375 1470 1471 1363 1418 1271 1280 1574 1558 1538 1446 1259 1387 1209 1525 1572 1314 1689 1528 1460 1409 1440 1426 1366 1333 1205 1300 1403 1221 1308 1467 1142 1473 1262 1183 1315 1519 1606 1659 1255 1408 1148 1356 1526 1410 1370 1551 1229 1556 1287 1313 1379 1350 1437 1578 1575 1310 1410 1543
1339 1261 1295 1196 1267 1110 1239 1261 1203 1218 1346 1303 1343 1249 1297 1424 1155 1269 1173 1383 1309 1120 1432 1445 1324 1380 1266 1205 1295 1249 1128 1195 1256 1136 1118 1263 1040 1334 1142 1100 1142 1516 1206 1415 1270 1408 1138 1206 1321 1306 1200 1275 1208 1258 1147 1227 1303 1134 1424 1361 1424 1182 1385 1326
1375 1288 1126 1226 1256 1243 1188 1295 1233 1292 1240 1159 1377 1336 1398 1179 1163 1193 1208 1420 1509 1128 1443 1338 1186 1157 1242 1273 1275 1232 1144 1195 1327 955 1160 1286 985 1176 1267 1164 1224 1343 1243 1351 1093 1321 1199 1048 1298 1320 1325 1286 1016 1325 1225 1235 1173 1087 1287 1437 1427 1302 1141 1217
1530 1232 1365 1387 1338 1220 1441 1494 1363 1325 1281 1130 1461 1343 1433 1369 1287 1408 1157 1443 1452 1339 1341 1477 1445 1292 1420 1352 1354 1313 1231 1313 1415 1177 1248 1374 1087 1463 1185 1266 1253 1503 1338 1465 1104 1557 1249 1135 1343 1484 1315 1312 1183 1422 1202 1354 1255 1291 1474 1486 1657 1478 1496 1477
1483 1258 1315 1464 1267 1270 1303 1415 1355 1295 1212 1198 1493 1378 1365 1562 1236 1341 1277 1506 1487 1232 1414 1611 1543 1214 1341 1301 1326 1214 1231 1296 1515 1231 1157 1524 1055 1347 1274 1290 1286 1472 1358 1531 1169 1492 1279 1259 1494 1427 1420 1356 1205 1401 1332 1224 1289 1360 1416 1414 1612 1388 1260 1447
1349 1310 1103 1260 1168 1086 1095 1215 1213 1164 1138 1138 1272 1253 1317 1246 1156 1289 1175 1280 1316 1131 1415 1499 1205 1155 1277 1151 1153 1138 1185 1242 1234 1073 931 1229 1006 1136 1101 1150 1172 1377 1309 1376 1216 1290 1166 1056 1336 1258 1224 1286 1086 1280 1112 1207 1173 1008 1394 1282 1430 1226 1202 1259
1284 1210 1324 1381 1237 1253 1148 1254 1108 1382 1223 1054 1278 1286 1325 1393 1168 1238 947 1255 1270 1246 1524 1330 1270 1091 1277 1224 1313 1216 1070 1202 1213 1061 1181 1265 1041 1247 1259 1168 1160 1418 1331 1399 1142 1341 994 1145 1215 1331 1303 1243 1135 1439 1159 1139 1205 1452 1319 1286 1461 1224 1358 1273
1362 1387 1197 1445 1142 1175 1203 1326 1416 1133 1178 1283 1448 1352 1262 1376 1108 1231 1338 1409 1480 1094 1439 1507 1451 1193 1338 1359 1085 1288 1198 1148 1330 1182 1089 1363 1082 1266 1180 1254 1288 1207 1443 1480 1233 1294 1242 1141 1357 1256 1238 1362 1242 1222 1148 1277 1146 1158 1395 1429 1573 1275 1207 1460
1452 1313 1309 1492 1333 1272 1238 1405 1367 1257 1200 1258 1319 1482 1325 1408 1272 1259 1217 1446 1518 1231 1511 1485 1267 1277 1396 1417 1267 1267 1162 1211 1384 1156 1063 1440 1049 1211 1243 1249 1215 1336 1390 1471 1193 1255 1165 1272 1376 1350 1317 1351 1110 1392 1147 1245 1258 1182 1356 1424 1627 1365 1406 1329
1368 1291 1249 1291 1183 1095 1148 1311 1287 1290 1078 1233 1328 1355 1458 1250 1206 1392 1257 1283 1382 1142 1525 1505 1362 1137 1278 1386 1281 1297 1020 1337 1395 1080 1095 1341 1091 1193 1309 1109 1154 1411 1429 1521 1218 1445 1245 1020 1382 1400 1374 1313 1198 1258 1066 1240 1180 1165 1437 1359 1533 1378 1367 1328
1439 1329 1378 1403 1254 1148 1354 1380 1220 1522 1472 1219 1394 1321 1442 1464 1219 1303 1110 1439 1364 1338 1499 1480 1446 1258 1427 1348 1392 1352 1260 1395 1233 1185 1175 1326 1091 1381 1227 1258 1170 1543 1326 1595 1205 1529 1137 1283 1392 1458 1351 1322 1231 1517 1204 1335 1388 1344 1402 1403 1477 1282 1528 1407
1406 1286 1034 1177 1282 1161 1178 1336 1095 1310 1231 1105 1414 1247 1220 1276 1168 1145 1155 1368 1199 1044 1356 1417 1295 1265 1338 1348 1268 1224 1102 1299 1161 1117 1100 1214 1030 1164 1143 1136 1186 1322 1131 1314 1024 1449 1143 1129 1133 1445 1318 1192 959 1257 1057 1225 1287 1106 1392 1435 1439 1216 1286 1282
1391 1308 1139 1225 1210 1042 1151 1235 1299 1150 1198 1106 1328 1281 1137 1370 991 1200 1119 1348 1226 1059 1306 1339 1208 1145 1251 1232 1260 1112 1062 1183 1350 1116 939 1234 978 1228 1071 1071 1176 1337 1353 1422 1091 1271 1170 1101 1287 1306 1212 1325 1094 1248 1082 1134 1188 1170 1267 1371 1399 1182 1273 1332
1507 1466 1317 1298 1314 1298 1269 1423 1326 1374 1391 1273 1430 1367 1541 1412 1232 1323 1317 1534 1644 1358 1500 1596 1335 1291 1356 1439 1410 1334 1327 1286 1432 1159 1190 1475 1231 1285 1275 1205 1296 1501 1416 1605 1217 1352 1274 1207 1435 1354 1359 1429 1278 1476 1253 1260 1307 1275 1417 1479 1544 1430 1423 1483
1360 1356 1238 1374 1243 1153 1149 1360 1233 1295 1396 1189 1366 1340 1440 1328 1288 1316 1199 1366 1467 1141 1403 1553 1306 1259 1342 1314 1222 1251 1169 1238 1258 1056 1212 1305 1080 1228 1233 1186 1369 1394 1232 1452 1135 1435 1190 1020 1390 1394 1376 1258 1219 1438 1233 1298 1232 1090 1429 1387 1485 1182 1308 1406
1360 1196 1314 1287 1321 1249 1170 1339 1333 1221 1277 1273 1251 1387 1245 1383 1239 1349 1121 1401 1412 1197 1426 1499 1473 1263 1260 1372 1309 1265 1125 1244 1370 1185 1065 1371 1133 1250 1245 1247 1187 1403 1327 1418 1145 1369 1119 1246 1317 1476 1421 1296 1108 1440 1036 1278 1338 1370 1278 1341 1673 1347 1446 1401
1524 1314 1359 1332 1206 1227 1274 1392 1355 1266 1360 1232 1468 1425 1512 1258 1131 1387 1288 1396 1517 1116 1602 1383 1438 1342 1253 1188 1399 1221 1042 1205 1370 1050 1128 1269 1015 1393 1146 1160 1153 1406 1396 1483 1273 1504 1235 1204 1425 1288 1252 1325 1175 1357 1209 1341 1276 1143 1517 1409 1467 1285 1402 1496
1348 1297 1235 1416 1213 1304 1324 1387 1269 1396 1199 1287 1484 1315 1415 1234 1236 1367 1270 1479 1440 1143 1482 1578 1410 1266 1438 1410 1205 1270 1229 1296 1335 1255 1210 1377 1148 1353 1322 1266 1279 1298 1422 1447 1253 1476 1111 1262 1266 1387 1367 1452 1255 1443 1218 1374 1316 1200 1563 1406 1604 1349 1393 1447
1318 1227 1222 1326 1175 1114 1251 1308 1349 1218 1158 1173 1416 1266 1202 1232 1211 1211 1215 1441 1370 1174 1330 1336 1271 1072 1312 1376 1205 1171 1134 1218 1319 996 1187 1342 881 1235 1191 1199 1171 1276 1263 1332 1242 1217 1215 1026 1334 1339 1213 1252 1070 1339 1133 1273 1156 1232 1252 1345 1574 1186 1292 1330
1249 1203 1360 1341 1216 1119 1180 1335 1278 1358 1204 1248 1305 1293 1359 1282 1169 1318 1121 1355 1419 1209 1388 1497 1482 1274 1346 1442 1306 1215 1131 1359 1338 1151 1106 1300 1155 1256 1201 1257 1198 1334 1316 1552 1120 1453 1194 1290 1337 1411 1334 1305 1136 1360 1103 1303 1085 1148 1354 1294 1553 1300 1397 1347
1509 1339 1155 1229 1216 1169 1104 1303 1244 1246 1168 1198 1395 1282 1280 1371 1061 1308 1086 1319 1333 1194 1476 1351 1338 1170 1236 1241 1139 1220 977 1247 1237 1055 954 1157 976 1199 1075 1089 1120 1372 1466 1457 1095 1319 1266 1126 1371 1314 1140 1250 1218 1281 1216 1183 1227 1118 1279 1389 1391 1217 1215 1366
1316 1368 1205 1300 1276 1284 1103 1267 1189 1217 1201 1222 1333 1366 1242 1241 1272 1280 1156 1338 1505 1195 1465 1553 1306 1189 1341 1330 1350 1205 1248 1271 1292 1028 1116 1330 1103 1189 1312 1144 1301 1284 1331 1379 1113 1405 1182 1177 1366 1352 1440 1292 1124 1363 1233 1169 1255 1100 1484 1413 1616 1369 1252 1377
1504 1343 1144 1228 1276 1140 1246 1436 1204 1397 1228 1070 1389 1495 1446 1222 1079 1302 1208 1291 1419 1144 1584 1289 1349 1218 1276 1248 1283 1271 1087 1180 1213 1085 1171 1339 1042 1265 1120 1194 1193 1337 1235 1384 1076 1338 1089 1095 1374 1368 1467 1373 1099 1257 1034 1266 1212 1153 1372 1304 1460 1279 1429 1363
1434 1375 1298 1335 1138 1178 1234 1376 1240 1360 1157 1284 1410 1428 1392 1404 1182 1304 1225 1381 1397 1108 1472 1441 1340 1316 1352 1388 1278 1212 1002 1268 1343 1110 1213 1402 1082 1296 1249 1104 1227 1378 1368 1462 1218 1399 1157 1083 1293 1306 1337 1394 1274 1316 1076 1264 1349 1253 1540 1480 1569 1282 1523 1441
1341 1210 1341 1366 1118 1064 1285 1283 1385 1304 1340 1264 1137 1223 1369 1246 1179 1199 1240 1458 1427 1197 1527 1472 1383 1208 1267 1279 1336 1108 1172 1288 1327 1039 1176 1353 1042 1286 1333 1241 1172 1414 1488 1482 1160 1446 1215 1154 1332 1392 1256 1234 1140 1405 1147 1371 1230 1215 1417 1368 1455 1336 1391 1240
1549 1579 1375 1507 1446 1297 1357 1445 1476 1350 1427 1375 1541 1585 1583 1379 1228 1492 1352 1600 1564 1260 1651 1517 1435 1407 1449 1582 1521 1455 1410 1348 1410 1267 1257 1571 1299 1506 1406 1400 1334 1445 1508 1662 1423 1472 1345 1275 1436 1511 1544 1642 1185 1539 1175 1475 1403 1384 1535 1481 1661 1404 1570 1491
1255 1178 1292 1225 1194 1069 1230 1289 1228 1170 1231 1064 1247 1253 1346 1233 1058 1264 1135 1250 1372 1070 1430 1324 1382 1063 1148 1270 1356 1256 1087 1137 1297 1009 1121 1282 1004 1240 1235 1287 1163 1351 1261 1374 1136 1302 1144 1053 1255 1366 1311 1326 1102 1370 1016 1169 1140 1228 1284 1237 1482 1236 1397 1228
1206 1159 1087 1192 1248 1113 1088 1206 1084 1048 1103 1015 1163 1190 1043 1347 1104 967 951 1104 1194 1179 1303 1226 1128 998 1126 1239 1162 1028 1050 1072 1093 1007 934 1176 992 1091 1017 1181 1133 1249 1035 1338 1070 1265 929 1151 1068 1300 1151 1140 826 1135 985 1028 1046 1138 1182 1259 1306 1114 1080 1174
1345 1399 1214 1376 1168 1124 1198 1329 1292 1433 1233 1163 1440 1402 1380 1333 1134 1292 1311 1341 1370 1121 1500 1424 1373 1168 1339 1332 1322 1285 1104 1279 1290 1131 1094 1392 1056 1256 1247 1208 1101 1458 1510 1575 1310 1439 1148 1241 1286 1395 1338 1391 1227 1309 1105 1297 1215 1264 1501 1406 1561 1252 1385 1318
1434 1280 1246 1279 1216 1133 1364 1390 1211 1258 1241 1224 1272 1328 1259 1381 1207 1265 1199 1367 1327 1156 1392 1443 1190 1211 1452 1296 1268 1197 1106 1099 1292 1092 1155 1364 1013 1252 1093 1179 1059 1368 1182 1303 1306 1399 899 1124 1155 1428 1389 1357 1147 1291 1006 1234 1197 1217 1411 1258 1498 1253 1403 1403
1318 1108 1226 1169 1250 1158 1181 1295 1123 1236 1068 1152 1269 1260 1332 1287 1062 1340 1053 1308 1251 1227 1432 1407 1305 1159 1275 1267 1283 1099 1109 1284 1293 1092 1040 1277 1117 1267 1104 1176 1251 1346 1298 1420 1008 1367 1126 1283 1293 1249 1313 1245 1084 1364 1093 1231 1102 1199 1323 1239 1400 1329 1284 1324
1273 1338 1248 1230 1249 1205 1141 1230 1103 1218 1260 1177 1356 1296 1330 1297 1184 1162 1242 1264 1425 1172 1350 1286 1352 1172 1164 1338 1213 1233 1125 1162 1225 1063 999 1291 1077 1191 1153 1182 1198 1337 1247 1521 1269 1322 1198 1189 1168 1290 1195 1273 1135 1245 1041 1199 1149 1188 1296 1397 1517 1141 1317 1226
1453 1254 1164 1161 1337 1247 1146 1396 1113 1357 1312 1148 1453 1338 1452 1191 1244 1364 1189 1226 1399 1114 1481 1347 1320 1152 1253 1342 1331 1286 1069 1335 1260 1017 1082 1231 1122 1246 1214 1233 1115 1274 1237 1422 1126 1401 1125 1162 1287 1417 1427 1316 1119 1330 1054 1355 1298 1191 1343 1397 1516 1302 1388 1272
1334 1146 1046 1227 1207 1015 1215 1355 1124 1129 1195 881 1081 1236 1168 1221 998 1085 960 1234 1239 1068 1417 1264 1201 1150 1119 1114 1108 1037 1097 945 1021 891 905 1250 1022 1106 1158 1045 1153 1346 1189 1350 1074 1315 1030 1081 1243 1162 1213 1159 972 1197 1140 1102 1110 1074 1335 1164 1251 1189 1160 1236
1599 1466 1224 1456 1411 1350 1419 1616 1332 1456 1385 1383 1361 1423 1424 1496 1283 1435 1303 1640 1558 1324 1585 1679 1476 1338 1499 1330 1293 1297 1253 1240 1433 1220 1143 1404 1110 1358 1315 1394 1345 1566 1404 1484 1246 1511 1137 1312 1385 1528 1542 1258 1175 1548 1296 1316 1390 1288 1557 1440 1612 1414 1490 1448
1481 1313 1256 1316 1234 1139 1301 1374 1183 1256 1245 1003 1474 1328 1410 1241 1253 1196 1259 1323 1321 1072 1409 1420 1258 1207 1401 1343 1274 1224 1318 1204 1195 1121 1197 1358 1125 1328 1244 1216 1231 1406 1311 1544 1176 1399 1184 1201 1342 1282 1266 1352 1231 1385 1246 1236 1209 1209 1569 1381 1531 1218 1269 1415
1359 1422 1304 1331 1294 1114 1275 1311 1244 1286 1371 1319 1462 1242 1422 1230 1344 1318 1219 1454 1415 1110 1478 1395 1321 1353 1314 1338 1293 1227 1142 1300 1347 1076 1186 1369 1000 1230 1171 1242 1215 1407 1246 1448 1207 1424 1287 1111 1329 1360 1207 1237 1155 1382 1156 1188 1242 1186 1437 1410 1570 1187 1465 1363
1333 1106 1050 1179 1104 1144 1210 1222 1114 1068 1046 1015 1214 1271 1248 1220 1032 1142 1163 1281 1242 1080 1310 1323 1181 1018 1248 1200 1277 1164 1146 1149 1102 1011 989 1320 972 1088 1143 1106 1141 1330 1172 1334 1130 1213 1073 941 1213 1253 1195 1217 971 1160 1066 1055 1149 1123 1314 1304 1386 1227 1099 1261
1495 1281 1259 1509 1163 1258 1239 1301 1411 1419 1314 1321 1389 1455 1460 1300 1182 1321 1332 1519 1507 1306 1290 1524 1488 1295 1338 1302 1285 1339 1223 1245 1391 1238 1208 1380 1038 1326 1293 1241 1161 1515 1367 1420 1227 1477 1150 1106 1300 1297 1408 1455 1102 1364 1027 1407 1258 1255 1426 1440 1529 1308 1553 1428
1412 1275 1292 1319 1283 1168 1300 1361 1209 1346 1240 1176 1355 1326 1365 1265 1281 1231 1272 1373 1276 1138 1535 1492 1273 1318 1330 1407 1380 1189 1293 1248 1331 1132 1235 1404 1034 1363 1284 1156 1165 1395 1351 1411 1234 1368 1120 1185 1348 1347 1365 1316 1118 1347 1090 1367 1198 1230 1426 1404 1535 1384 1406 1291
1355 1305 1157 1309 1314 1112 1250 1260 1207 1343 1350 1229 1429 1172 1338 1194 1171 1277 1038 1382 1286 1104 1444 1248 1203 1221 1312 1279 1260 1224 1099 1277 1280 1073 1081 1186 1023 1345 1104 1223 1190 1150 1289 1390 1163 1435 1058 1186 1210 1283 1317 1149 1107 1395 1071 1294 1231 1229 1450 1279 1440 1210 1416 1285
