3 8 0 4 0 4 0 9 0 8 10 0 0 0 0 45 81 14 0 0 45 15 0 0 24 21 63 48 0 25 54 9 45 36 0 54 0 9 0 0 0 0 0 12 5 0 30 0 0 78 0 8 0 0 0 42 27 2 0 0 0 0 54 2
0 0 0 0 0 2 0 2 7 6 0 0 14 0 0 0 0 0 0 35 0 35 0 0 0 0 0 0 0 0 0 0 0 0 0 12 0 0 0 0 0 0 0 0 0 0 0 0 0 0 68 0 0 0 2 18 0 0 0 4 0 0 3 0
48 0 0 18 39 0 54 0 6 0 0 0 54 0 16 9 6 0 0 8 0 4 0 76 48 9 0 32 26 6 6 45 18 3 21 9 8 0 0 0 0 0 0 0 48 12 4 18 9 0 0 0 0 9 0 0 0 0 0 0 27 0 0 24
9 72 0 24 72 16 14 14 0 40 2 0 80 0 24 10 44 8 0 0 13 0 6 32 36 14 49 56 80 0 12 16 10 49 84 48 2 0 0 0 14 0 0 10 0 0 35 12 6 73 16 82 0 0 0 55 6 48 0 0 78 28 63 64
53 24 45 6 0 110 0 40 0 0 64 7 0 36 0 0 35 0 63 0 7 17 42 0 56 0 0 4 24 0 134 32 0 0 0 0 42 76 35 0 32 0 0 0 0 0 0 0 0 0 32 0 0 0 42 0 0 24 0 0 49 32 0 40
98 0 0 0 34 40 92 14 15 34 0 18 54 0 0 0 18 40 0 0 31 0 34 28 72 0 10 16 0 30 25 63 27 8 54 32 50 20 79 63 19 55 12 0 0 0 10 32 6 0 97 0 0 0 30 0 0 0 0 64 15 0 32 45
73 0 0 0 27 48 64 0 45 0 0 0 96 0 95 0 0 0 0 43 3 6 90 77 64 0 0 32 21 0 0 110 24 7 0 6 6 0 2 0 0 18 8 30 48 0 0 9 0 30 0 34 10 0 0 90 0 45 0 0 51 0 10 121
24 28 0 14 0 0 24 0 0 28 0 0 18 54 0 0 0 49 0 0 0 12 42 0 72 12 42 54 0 18 100 21 9 36 0 0 0 0 0 0 0 0 33 0 0 0 30 16 32 63 0 0 0 0 0 42 0 36 0 0 105 0 54 7
16 0 40 36 0 64 0 0 20 0 0 42 0 0 0 12 0 0 2 0 8 106 48 0 0 0 12 0 0 0 112 0 32 0 0 0 48 52 40 0 8 12 0 0 0 0 0 0 0 0 8 0 0 64 48 0 0 40 0 0 20 0 0 76
37 72 0 0 0 52 0 0 4 0 63 0 32 0 88 0 12 0 8 48 0 16 0 0 0 138 0 34 109 7 18 0 0 0 0 0 0 0 0 0 0 0 36 0 35 0 0 0 0 49 0 92 32 0 0 36 0 38 0 0 0 0 0 63
0 0 32 40 0 0 0 0 6 64 16 0 36 0 0 0 27 24 0 30 0 94 0 18 0 0 0 0 48 0 72 0 32 0 0 72 36 0 0 0 0 0 0 0 0 0 18 0 0 0 48 0 0 104 0 0 0 104 0 0 0 0 24 40
3 0 62 0 0 56 0 0 0 54 1 0 40 0 0 0 0 0 0 28 6 40 15 4 0 9 0 0 0 49 45 0 20 0 0 0 5 0 0 0 0 0 0 25 5 0 0 0 0 25 54 33 0 40 0 15 6 27 0 0 0 0 8 25
0 0 0 0 0 0 0 0 7 0 36 0 14 0 0 24 0 0 6 41 0 35 0 54 18 0 0 24 0 0 2 0 0 0 0 0 42 36 0 0 0 0 12 0 78 0 0 8 16 0 80 0 0 0 0 0 0 36 0 0 18 48 0 0
16 0 0 0 0 0 16 0 0 0 0 0 12 0 0 0 0 0 0 0 0 0 0 0 16 0 0 0 0 0 25 14 46 0 0 0 0 0 0 0 0 0 8 0 0 0 0 0 0 8 0 0 0 0 0 0 0 0 0 0 56 0 0 0
81 0 32 0 0 0 0 0 0 0 0 0 0 0 72 0 0 0 0 0 27 64 0 0 9 0 0 0 0 0 73 0 32 63 0 0 0 0 0 0 0 0 6 0 0 0 0 4 8 0 0 0 0 64 0 0 0 40 0 0 54 0 0 40
24 0 0 9 92 72 9 0 0 29 0 27 30 72 0 8 87 0 0 76 51 0 9 92 0 0 0 104 6 2 0 49 0 17 42 9 43 0 72 0 16 0 24 15 24 28 17 46 3 15 0 123 0 3 0 9 0 0 0 54 27 0 64 105
9 9 0 48 24 36 12 15 12 48 36 0 18 0 93 18 24 18 15 0 0 0 0 24 102 18 0 0 57 0 21 80 0 0 0 54 0 0 0 0 12 56 54 24 0 0 0 36 72 16 0 0 0 30 0 0 0 88 0 40 0 12 18 15
9 27 0 0 0 0 0 15 0 49 66 0 0 0 8 0 7 0 15 4 0 6 0 38 21 0 63 16 9 10 0 12 0 0 0 0 0 8 0 0 0 0 0 0 24 0 35 0 0 0 0 0 0 0 0 0 0 0 0 0 0 12 0 15
10 0 24 15 45 40 0 0 0 0 0 0 0 0 18 1 0 0 0 9 5 0 10 0 54 0 0 7 10 12 25 6 0 0 35 15 30 20 34 0 5 0 0 0 0 3 0 0 0 0 0 9 0 0 54 0 18 0 0 0 45 0 0 40
0 45 4 0 0 1 0 1 0 3 0 0 40 0 48 0 15 0 0 13 0 0 0 55 9 0 0 24 40 2 0 20 0 0 0 6 0 0 0 0 0 0 0 0 36 0 0 0 0 0 6 45 0 0 4 9 3 30 0 42 0 0 2 0
0 0 0 0 0 32 0 0 8 0 0 0 48 0 0 0 0 0 0 40 0 46 12 0 6 0 0 0 0 9 27 0 0 0 0 0 4 0 0 0 0 0 0 20 0 0 0 0 0 20 64 20 0 0 0 12 0 0 0 0 0 0 0 0
56 81 0 0 49 0 21 0 0 53 0 63 0 6 60 0 68 0 0 0 31 27 0 58 0 81 4 16 27 45 0 24 0 8 49 0 20 36 8 0 0 28 12 12 0 0 25 20 0 71 0 0 0 0 0 0 0 20 0 38 0 0 32 83
0 0 21 0 0 6 3 0 0 27 30 0 0 0 8 92 0 0 0 0 3 0 0 0 8 0 0 6 0 24 0 0 0 2 0 0 35 0 42 49 27 35 0 0 35 0 0 0 0 0 90 0 0 0 7 0 3 39 36 28 15 40 36 14
93 21 0 0 90 0 36 35 0 72 56 81 48 0 104 0 102 0 40 0 63 2 0 63 73 0 0 54 28 16 48 68 0 32 63 0 45 30 0 0 6 0 27 0 0 32 36 93 24 0 20 0 0 24 21 0 0 27 0 136 18 28 72 35
48 81 0 0 0 0 35 35 12 40 24 0 0 123 54 4 40 16 18 0 0 0 135 63 27 27 32 99 0 12 173 0 0 0 16 38 7 0 56 0 42 4 108 0 7 72 0 30 15 0 40 0 0 36 0 81 0 60 0 0 87 8 0 14
0 20 0 10 0 0 3 18 0 20 0 0 0 0 62 6 27 35 0 54 0 30 0 27 56 0 42 48 0 48 0 108 0 2 0 0 0 18 54 0 0 63 0 51 0 18 0 0 0 66 0 54 0 0 7 0 0 54 0 0 0 0 0 5
8 108 0 42 0 40 8 0 0 0 0 49 102 63 20 0 21 0 0 7 0 64 64 68 8 0 0 35 56 25 49 7 3 0 0 0 5 20 0 0 0 0 0 25 42 0 0 0 0 25 0 88 0 0 0 15 0 84 0 0 49 0 0 0
0 0 78 0 21 0 0 0 0 0 0 0 0 81 0 54 6 0 0 0 0 0 63 4 0 0 54 23 0 0 63 0 49 0 0 0 8 36 0 0 0 54 0 0 0 0 4 0 0 0 0 0 0 0 0 0 0 54 0 0 63 0 0 0
27 0 0 0 0 0 0 0 0 18 0 0 0 0 36 0 0 6 0 0 9 0 16 24 33 0 0 0 0 0 0 12 0 21 21 0 0 0 0 0 0 0 10 0 0 16 0 0 0 0 0 0 0 8 0 0 0 0 0 0 18 21 0 0
81 0 7 0 0 2 0 0 0 9 30 0 0 0 72 25 0 0 0 45 28 0 0 0 0 0 0 35 0 8 5 30 8 63 0 0 35 0 45 0 0 0 0 0 35 15 0 0 0 0 9 45 0 0 0 0 1 30 0 0 69 40 0 0
20 0 36 0 0 0 8 0 0 0 0 0 6 0 0 0 15 0 12 0 0 8 0 0 8 0 0 0 0 0 36 7 3 0 0 0 0 0 0 0 3 0 0 0 0 0 0 0 0 0 0 0 0 0 0 0 0 0 0 0 9 0 0 0
154 0 0 6 48 9 96 0 0 56 18 79 54 0 72 0 64 0 0 53 14 25 0 5 90 0 0 0 0 27 81 111 27 14 56 0 0 0 12 14 0 26 3 0 0 0 24 8 0 0 18 0 12 0 0 64 0 40 0 24 12 0 10 36
0 81 0 0 0 0 0 0 0 0 18 0 0 0 54 0 0 0 18 0 0 0 0 0 0 29 7 44 0 0 0 0 0 6 0 0 0 0 0 0 0 0 63 0 0 0 5 0 0 9 0 0 0 0 0 88 0 0 0 0 0 0 9 0
0 0 0 0 0 0 7 7 0 8 0 0 0 0 0 40 31 0 0 0 0 0 0 0 0 0 0 0 0 0 48 0 0 0 0 30 0 0 20 14 28 10 32 0 0 0 0 6 3 0 26 16 40 0 0 0 0 0 20 8 18 0 20 20
0 0 0 0 3 0 0 0 0 0 6 0 0 0 31 30 54 0 0 0 30 6 56 0 21 0 0 0 21 0 36 6 30 0 0 36 0 0 0 0 0 2 35 0 0 56 0 1 0 0 0 0 0 28 0 8 18 5 0 0 0 0 0 4
54 12 0 6 0 12 0 0 0 12 24 0 0 114 48 8 63 21 0 24 18 0 0 63 0 0 28 0 0 0 0 0 0 42 0 0 0 0 56 0 3 0 4 0 0 0 0 0 0 0 0 36 16 0 0 0 0 0 4 0 36 0 4 98
0 72 0 18 0 0 63 63 0 135 54 21 64 0 0 0 42 0 8 0 0 21 0 0 0 0 81 0 64 0 0 0 0 0 0 54 0 48 54 63 63 45 0 0 0 0 45 54 27 0 185 72 0 0 0 0 0 48 0 36 0 0 0 18
39 15 0 0 0 0 0 27 24 0 40 16 0 0 56 10 0 0 25 8 0 0 32 80 43 0 0 32 15 56 72 20 2 0 0 0 0 0 0 0 0 0 0 0 48 0 0 0 0 0 0 0 0 0 0 0 0 0 0 0 20 38 0 77
4 0 20 6 50 16 4 0 4 41 30 0 0 48 0 36 35 0 7 56 38 0 4 122 0 6 107 24 4 0 62 0 0 12 0 0 42 70 74 0 8 30 18 0 0 0 31 30 0 0 28 0 0 0 12 0 0 0 0 36 18 0 64 16
127 12 81 0 0 8 0 34 32 0 39 64 0 6 42 65 45 0 53 0 25 28 0 41 50 18 18 72 12 60 213 22 81 0 0 30 0 42 8 0 0 0 0 8 10 0 0 0 0 16 24 16 0 0 0 0 15 4 0 0 0 88 0 86
9 0 0 0 0 0 0 0 0 0 0 0 0 0 21 0 0 48 0 0 0 0 0 0 3 0 12 0 0 57 27 0 0 0 48 24 0 0 0 0 0 12 0 0 0 0 0 0 0 0 0 0 0 0 0 0 0 0 0 0 0 0 0 0
0 0 48 0 39 0 0 0 0 0 42 0 0 36 35 28 5 0 0 0 0 0 28 0 0 0 0 20 0 0 36 30 56 0 0 0 49 0 0 0 1 10 8 0 49 0 0 5 0 8 0 0 0 0 0 40 0 91 0 0 108 56 0 20
0 0 0 0 56 0 56 56 9 72 0 0 18 0 0 0 8 0 6 45 48 45 0 56 0 0 0 32 0 0 0 0 0 16 0 48 40 36 0 0 56 0 24 0 0 0 8 88 24 0 160 0 0 0 0 0 0 0 0 48 0 0 64 0
18 27 86 0 0 0 0 2 10 0 0 16 12 0 12 10 10 0 18 30 0 123 48 11 26 0 0 0 0 27 142 0 34 0 0 0 0 12 0 0 2 0 30 0 0 48 0 0 0 0 48 0 0 88 2 0 0 40 0 0 6 18 3 56
21 18 99 9 30 0 27 6 6 7 6 0 16 0 56 15 7 18 21 49 6 14 0 7 56 9 9 54 22 0 27 0 42 14 0 24 0 0 62 63 0 45 32 0 0 0 5 0 21 0 81 34 40 0 49 0 0 75 0 36 0 12 35 34
35 101 27 34 78 40 6 0 0 34 14 18 16 0 42 7 40 35 23 119 7 6 10 20 0 21 0 77 32 0 34 42 0 0 70 24 54 20 88 0 5 0 49 0 0 21 18 0 0 0 0 81 0 0 42 63 0 12 0 4 72 0 34 69
24 0 72 0 27 0 0 2 4 56 48 16 0 0 117 10 35 0 24 0 0 16 0 35 0 0 72 0 0 0 24 108 2 0 0 0 0 0 0 0 0 81 0 27 0 0 40 9 0 18 0 0 0 0 0 72 0 90 0 0 0 18 0 52
80 9 42 24 15 114 76 21 0 113 0 73 152 0 0 0 46 0 0 0 11 28 27 0 40 2 7 8 8 62 0 42 15 13 35 18 9 0 0 0 31 0 0 45 0 28 20 60 30 54 78 54 0 21 0 34 6 6 0 10 0 0 9 0
56 0 20 42 21 0 21 0 0 49 0 112 0 0 0 0 56 0 0 0 7 89 0 0 0 0 0 0 0 0 45 0 20 0 49 0 0 0 0 0 0 0 0 0 0 0 21 0 0 0 0 0 0 40 0 0 0 25 0 14 0 0 0 25
6 0 0 0 0 8 0 18 0 0 2 0 0 18 0 18 25 54 0 0 18 0 38 0 9 36 0 2 6 2 84 0 48 0 0 0 0 0 0 0 5 0 15 0 10 24 0 0 63 14 0 16 0 12 0 0 0 16 0 0 29 36 63 18
0 72 0 0 0 18 0 0 0 0 52 0 0 0 48 7 0 0 16 99 0 0 0 0 0 24 0 81 0 0 0 42 0 0 0 0 0 0 63 0 0 0 62 0 0 21 0 0 0 0 0 63 24 0 0 72 0 0 0 0 0 0 0 0
34 0 7 0 42 74 16 0 0 15 0 0 12 0 0 0 0 0 0 63 46 0 18 51 52 0 0 24 0 8 49 14 6 12 0 0 84 36 45 0 9 0 42 0 0 0 6 46 32 0 9 0 0 0 54 0 1 0 0 36 0 0 66 0
0 36 0 24 0 18 0 0 0 36 6 7 0 48 0 30 96 63 0 0 30 7 0 0 0 0 0 0 0 0 36 0 30 0 0 36 0 0 0 0 6 0 0 0 0 0 0 0 0 0 0 24 0 0 0 0 18 0 0 0 0 0 0 63
66 63 54 0 9 48 0 0 12 0 0 0 0 0 97 0 0 0 7 0 0 21 40 7 102 0 0 60 0 95 108 0 21 0 0 0 0 70 0 0 16 0 34 0 0 40 0 0 0 9 28 0 0 20 36 0 27 0 0 0 63 0 0 0
0 0 21 0 0 6 0 1 8 27 0 8 12 72 0 5 0 0 0 38 3 30 56 76 0 0 0 40 0 24 56 0 1 0 0 0 0 0 48 56 0 40 0 0 48 0 0 0 0 0 147 0 0 0 0 0 3 48 0 32 56 9 0 24
74 38 0 10 0 40 0 30 14 20 48 0 46 18 0 72 5 35 30 0 0 0 15 27 42 0 12 63 18 2 71 25 0 1 0 0 5 0 24 0 28 0 0 25 0 4 0 6 3 25 0 25 0 3 0 15 0 0 36 0 3 24 36 41
0 0 49 3 4 14 20 27 2 63 0 0 0 0 48 3 0 0 0 0 7 45 0 0 129 3 63 36 2 128 3 27 0 12 0 0 0 27 0 0 0 0 6 36 0 0 0 4 8 72 63 0 0 0 42 0 7 54 0 0 0 0 0 0
28 9 54 9 12 43 6 4 6 0 6 0 8 0 72 13 3 12 18 6 9 30 10 0 0 9 0 0 77 0 49 0 0 0 0 0 30 20 25 0 5 0 1 0 0 0 0 0 14 0 0 9 4 0 30 0 0 6 0 0 0 8 14 0
0 0 0 0 0 0 28 35 14 32 0 56 0 64 0 35 60 32 0 0 0 0 0 28 0 0 8 0 0 24 0 0 7 0 32 55 0 0 5 0 28 8 20 0 0 0 0 24 12 0 32 42 25 0 0 0 0 0 0 0 0 63 0 138
0 63 0 6 0 0 0 10 0 0 14 7 0 56 42 10 49 30 14 0 10 7 0 0 0 21 0 28 0 0 0 0 0 0 0 0 0 0 0 0 0 0 49 0 0 0 0 0 35 0 0 28 0 0 0 63 0 0 0 0 0 20 35 63
8 0 0 20 15 48 8 15 0 32 8 0 66 0 35 40 0 12 0 0 0 25 18 0 48 0 35 0 24 40 0 52 3 0 0 36 6 15 0 0 15 10 0 50 0 0 0 5 0 70 0 30 0 20 0 58 0 57 20 0 0 0 32 20
8 0 35 0 0 77 8 3 0 54 0 0 70 0 72 0 0 0 0 0 5 18 24 0 8 0 0 0 63 40 0 7 3 0 0 36 8 0 6 0 0 0 24 40 0 0 0 0 0 40 63 52 30 0 16 51 5 0 0 6 0 0 24 12
0 0 83 15 69 26 0 0 0 45 0 0 16 0 54 0 27 0 0 0 5 0 6 27 0 0 0 16 10 40 0 54 56 0 35 15 2 0 0 0 0 63 0 37 0 0 0 0 0 28 45 10 0 0 0 6 5 45 0 0 45 0 0 40
3 12 0 12 18 21 18 35 0 34 7 0 0 0 48 18 1 75 3 0 18 20 0 0 80 9 37 36 4 33 0 12 0 12 14 36 0 30 0 0 4 0 8 16 5 0 5 0 63 40 42 8 0 0 42 45 0 56 0 10 74 36 63 19
