1274 1025 1104 1259 1133 1296 1062 1161 1213 1155 1107 1291 1157 1299 1292 1096 1353 1165 1187 1068 1126 1231 1161 1329 1209 998 1109 1067 1117 1180 1053 1171 1471 1201 1156 1008 962 1312 1383 1079 1136 1274 1264 1238 1080 1259 1054 1206 1225 1282 1158 1148 1131 1161 1285 1133 1268 1198 1443 1305 1284 1122 1118 1215
1179 1056 941 1398 1216 1151 1210 1223 1093 1143 1129 1145 1033 1322 1169 969 1373 1185 1267 1245 1212 1241 1216 1287 1281 1199 983 977 971 1311 994 1142 1394 1100 1229 920 974 1128 1245 1142 1145 1221 1129 1101 1033 1144 1163 1223 1264 1329 1071 1184 1072 1300 1313 936 1059 1194 1289 1218 1239 1144 1055 1132
1282 1137 1079 1258 1173 1231 1251 1194 1198 1026 1203 1222 1045 1384 1275 1097 1265 1249 1302 1127 1131 1328 1347 1308 1232 1165 1065 1139 1107 1243 1107 1149 1406 1139 1259 972 1031 1141 1130 1128 1271 1248 1226 1302 1223 1307 1180 1164 1359 1269 1091 1331 1249 1311 1384 1205 1215 1316 1307 1283 1309 1170 1092 1094
1317 1010 1043 1338 1286 1295 1327 1262 1327 1248 1194 1303 1141 1463 1436 1189 1330 1313 1297 1342 1147 1345 1245 1300 1288 1151 1209 1167 1143 1335 1219 1258 1562 1219 1171 1034 908 1165 1272 1256 1145 1356 1220 1259 1116 1306 1180 1186 1330 1369 1155 1255 1218 1307 1490 1118 1362 1367 1448 1310 1305 1259 988 1276
1538 1150 1343 1551 1373 1416 1372 1451 1417 1485 1380 1402 1275 1610 1473 1193 1371 1381 1465 1493 1262 1552 1398 1569 1444 1381 1246 1381 1332 1410 1314 1430 1636 1366 1299 1148 1081 1344 1365 1520 1457 1474 1456 1339 1298 1417 1387 1451 1451 1431 1288 1488 1351 1479 1454 1289 1479 1541 1596 1600 1530 1332 1238 1502
1147 1014 966 1170 1142 1089 1006 1142 1186 1212 1037 1116 972 1257 1323 921 1148 1084 1110 1180 1051 1204 1118 1178 1083 1068 963 1043 873 1249 985 1110 1370 1049 1008 985 968 1039 1134 1251 1094 1108 1162 977 958 1117 900 1188 1354 1144 1034 1013 1096 1146 1233 1289 1129 1124 1286 1182 953 1105 1005 1178
1329 1346 1393 1526 1454 1356 1295 1345 1355 1385 1298 1390 1320 1561 1548 1182 1521 1502 1466 1389 1363 1527 1327 1510 1351 1411 1311 1322 1213 1371 1263 1342 1694 1300 1334 1280 1139 1384 1408 1363 1471 1524 1365 1412 1346 1359 1316 1454 1483 1500 1186 1422 1459 1408 1542 1254 1576 1514 1632 1525 1543 1381 1292 1463
1262 1114 1297 1313 1150 1103 1272 1219 1197 1133 1260 1258 1109 1367 1381 1050 1385 1378 1275 1185 1063 1225 1270 1327 1285 1090 1069 1074 1063 1236 1157 1238 1499 1201 1348 1010 947 1159 1245 1120 1264 1264 1223 1300 1086 1384 1220 1230 1342 1283 1086 1281 1260 1366 1417 1153 1241 1392 1541 1349 1367 1253 1067 1248
1123 1237 1242 1528 1339 1275 1289 1276 1340 1405 1141 1253 1264 1420 1447 1005 1315 1435 1308 1316 1264 1528 1417 1401 1294 1261 1095 1234 1145 1410 1168 1310 1683 1161 1219 1156 1168 1134 1462 1183 1515 1435 1328 1182 1122 1280 1231 1348 1540 1421 1102 1191 1275 1299 1486 1056 1427 1340 1446 1356 1365 1382 1202 1248
1228 1145 1281 1430 1371 1306 1239 1313 1414 1306 1152 1374 1248 1539 1638 1173 1468 1462 1320 1279 1220 1337 1382 1404 1428 1229 1171 1281 1081 1479 1261 1291 1681 1308 1297 1176 1115 1310 1413 1327 1426 1449 1438 1358 1238 1286 1217 1381 1545 1437 1225 1167 1375 1343 1541 1362 1444 1415 1659 1442 1272 1339 1161 1316
1194 1159 1133 1352 1269 1318 1231 1283 1307 1207 1172 1213 1144 1383 1306 966 1380 1262 1365 1317 1239 1280 1235 1333 1249 1225 1212 1198 1000 1216 1085 1370 1506 1133 1108 1021 1114 1247 1268 1217 1273 1303 1276 1124 1213 1237 1298 1230 1337 1283 1184 1321 1092 1232 1273 1183 1282 1287 1430 1428 1304 1227 1091 1301
1389 1156 1199 1572 1362 1454 1244 1237 1401 1317 1339 1418 1207 1530 1562 1265 1496 1377 1457 1265 1285 1372 1454 1486 1392 1266 1170 1261 1145 1490 1208 1258 1623 1259 1237 1194 1081 1402 1414 1275 1296 1514 1328 1383 1245 1349 1319 1295 1497 1420 1087 1374 1311 1447 1682 1285 1462 1471 1589 1545 1413 1336 1248 1373
1124 1030 1051 1206 1163 1124 1024 1158 1185 1193 982 1067 1056 1288 1296 1012 1109 1208 1172 1068 1009 1189 1262 1215 1271 1160 1043 993 1137 1201 957 1122 1500 1167 1079 1066 958 1144 1284 1214 1229 1194 1120 1196 993 1222 1074 1219 1248 1240 1116 1099 1123 1056 1178 1001 1269 1184 1481 1233 1246 1102 1091 1204
1512 1166 1232 1540 1390 1417 1285 1434 1363 1393 1109 1447 1277 1475 1447 1157 1540 1506 1358 1409 1401 1529 1366 1408 1441 1305 1113 1196 1248 1448 1276 1314 1638 1300 1348 1199 1198 1535 1485 1317 1339 1499 1430 1310 1205 1429 1334 1344 1428 1564 1328 1415 1259 1360 1513 1172 1454 1418 1624 1414 1448 1363 1204 1398
1429 984 1216 1389 1135 1148 1173 1298 1357 1203 1095 1376 1123 1394 1411 1111 1341 1332 1247 1267 1162 1321 1321 1275 1432 1188 1023 1193 1057 1300 1083 1235 1500 1237 1209 1104 1104 1258 1252 1217 1300 1274 1356 1244 1171 1312 1334 1293 1408 1281 1239 1222 1177 1124 1320 1164 1343 1311 1587 1348 1333 1194 1069 1293
1105 1148 1077 1277 1149 1182 973 1130 1166 1239 1141 1161 1037 1335 1216 1061 1163 1159 1212 1071 1100 1233 1049 1181 1229 1077 1047 1041 1072 1294 1030 1224 1298 1098 1097 1030 995 1237 1195 1295 1250 1228 1300 1121 1203 1134 1105 1265 1182 1229 1118 1192 1217 1195 1249 1176 1273 1238 1475 1321 1131 1065 1115 1192
1152 1128 1153 1282 1097 1193 1146 1121 1091 1096 1049 1101 1054 1181 1277 927 1215 1152 1183 1158 1112 1236 1222 1161 1204 1156 1087 1121 903 1147 1080 1239 1402 1171 1174 1110 923 1174 1143 1086 1165 1253 1269 1111 1093 1144 1231 1064 1295 1148 1083 1227 1171 1167 1184 1102 1107 1294 1468 1356 1237 1100 1007 1264
1258 946 1092 1261 1194 1243 1111 1117 1177 1213 1140 1226 1074 1250 1171 1069 1194 1119 1171 1175 1173 1249 1223 1269 1274 1141 971 1065 1066 1232 1054 1084 1417 1123 1136 1035 985 1100 1175 1043 1200 1295 1197 1180 1046 1180 1057 1061 1284 1202 990 1190 1005 1177 1307 993 1154 1131 1337 1313 1310 1134 1035 1094
1209 1235 1361 1453 1377 1357 1262 1261 1322 1342 1305 1389 1302 1410 1526 1165 1465 1430 1313 1276 1230 1335 1319 1406 1322 1329 1260 1104 1178 1347 1150 1264 1655 1414 1323 1224 1097 1314 1453 1234 1336 1423 1378 1339 1203 1355 1154 1265 1430 1348 1221 1271 1221 1472 1531 1249 1463 1252 1551 1478 1427 1298 1230 1357
1518 1279 1373 1601 1496 1415 1262 1566 1537 1434 1459 1561 1366 1635 1703 1205 1537 1480 1454 1482 1406 1499 1459 1437 1411 1419 1239 1394 1180 1486 1268 1476 1714 1358 1376 1322 1247 1382 1456 1492 1533 1547 1549 1332 1299 1516 1397 1457 1629 1508 1303 1465 1530 1460 1564 1388 1522 1582 1803 1621 1590 1491 1297 1568
1582 1349 1324 1607 1587 1701 1375 1565 1543 1489 1507 1486 1334 1554 1522 1337 1490 1519 1494 1509 1478 1563 1423 1536 1614 1531 1402 1441 1453 1444 1170 1582 1679 1455 1479 1365 1428 1649 1479 1579 1475 1582 1506 1440 1474 1544 1461 1527 1507 1577 1478 1727 1473 1493 1521 1271 1565 1528 1797 1672 1585 1344 1424 1650
1063 1104 1265 1122 1302 1215 1263 1108 1230 1106 1137 1221 1108 1250 1298 956 1251 1185 1301 1129 1014 1169 1084 1283 1301 1117 1087 1061 1098 1126 1054 1183 1523 1125 1136 995 1016 1135 1193 1138 1377 1234 1250 1133 1136 1306 1163 1130 1293 1170 1136 1185 1100 1150 1258 1033 1223 1113 1390 1198 1377 1156 985 1106
1178 1191 1116 1475 1375 1294 1218 1299 1231 1230 1220 1316 1151 1496 1397 960 1310 1302 1371 1320 1131 1381 1336 1252 1282 1267 1193 1261 937 1329 1139 1326 1567 1136 981 1143 1011 1208 1358 1355 1358 1403 1333 1219 1168 1286 1339 1153 1414 1365 1112 1224 1247 1328 1371 1290 1363 1366 1454 1440 1325 1246 1165 1353
1316 1247 1236 1540 1347 1327 1161 1405 1373 1385 1343 1392 1276 1443 1471 1139 1374 1397 1369 1345 1250 1406 1374 1310 1325 1317 1265 1128 1127 1344 1183 1332 1633 1259 1324 1194 1135 1249 1330 1316 1348 1422 1239 1321 1155 1379 1228 1347 1457 1401 1237 1361 1380 1446 1402 1223 1434 1386 1606 1480 1252 1346 1291 1463
1156 1177 1204 1298 1347 1237 1255 1154 1193 1065 1189 1165 1059 1365 1404 1009 1359 1286 1401 1206 1094 1294 1227 1241 1257 1190 1157 1239 1030 1157 1133 1303 1642 1228 1104 1190 1046 1162 1307 1076 1295 1328 1319 1240 1220 1315 1241 1236 1428 1318 1125 1155 1154 1171 1299 1173 1299 1376 1505 1420 1400 1218 1103 1302
1229 1323 1149 1459 1350 1391 1199 1317 1256 1306 1269 1288 1190 1433 1430 1036 1408 1342 1245 1293 1230 1361 1291 1241 1184 1175 1120 1224 1001 1259 1174 1341 1535 1133 1117 1061 1192 1169 1421 1265 1325 1452 1387 1187 1208 1151 1161 1210 1465 1293 1161 1196 1236 1266 1491 1320 1274 1298 1412 1546 1339 1268 1113 1412
1389 1056 1208 1365 1350 1405 1279 1319 1406 1154 1258 1431 1180 1404 1507 1174 1441 1316 1273 1306 1156 1331 1285 1397 1335 1154 1153 1158 1265 1413 1100 1222 1632 1268 1365 1007 1057 1419 1479 1209 1202 1355 1360 1396 1120 1422 1149 1218 1415 1379 1266 1169 1114 1392 1457 1176 1344 1225 1470 1332 1345 1245 1144 1317
1153 937 952 1196 1221 1076 1082 1262 1180 1121 1105 1133 1059 1271 1229 992 1240 1124 1123 1189 1049 1266 1172 1230 1227 1108 1025 1105 1152 1282 998 1166 1502 1177 1236 1004 929 1069 1254 1153 1153 1292 1241 1031 934 1230 1020 1210 1318 1236 1174 1176 1123 1196 1115 967 1174 1186 1391 1184 1241 1081 1067 1167
1293 985 1008 1339 1305 1237 1012 1303 1126 1086 1111 1198 1174 1328 1224 916 1373 1216 1226 1079 1198 1149 1239 1176 1165 1197 1016 1244 930 1164 999 1165 1421 1145 1180 1016 997 1284 1232 1110 1182 1298 1272 1141 1154 1143 1188 1111 1258 1347 1182 1183 1066 1219 1155 1085 1131 1209 1353 1320 1408 1106 1056 1171
1273 1162 1156 1480 1203 1336 1307 1278 1179 1303 1117 1327 1159 1450 1381 1042 1371 1393 1298 1199 1185 1347 1360 1280 1147 1100 1202 1193 1096 1281 1155 1309 1422 1100 1191 959 1153 1282 1335 1132 1385 1335 1211 1265 1261 1334 1196 1192 1333 1325 1284 1346 1320 1254 1344 1042 1321 1268 1463 1232 1360 1200 1131 1230
1294 1258 1292 1529 1331 1383 1330 1407 1477 1449 1261 1371 1399 1466 1523 1233 1339 1426 1397 1443 1373 1533 1340 1422 1547 1327 1152 1290 1331 1481 1223 1354 1753 1335 1275 1262 1165 1334 1520 1408 1521 1415 1438 1430 1318 1319 1273 1430 1516 1459 1287 1288 1260 1271 1437 1183 1642 1253 1698 1421 1472 1296 1233 1303
1185 1188 1199 1381 1271 1258 1131 1242 1111 1237 1118 1247 1229 1376 1402 958 1281 1286 1409 1154 1188 1271 1330 1178 1355 1159 1144 1155 1060 1279 1227 1229 1602 1056 1187 1067 1078 1143 1272 1179 1391 1315 1414 1172 1182 1268 1191 1278 1325 1381 1151 1199 1192 1208 1265 1090 1298 1226 1494 1383 1288 1174 1187 1247
1060 909 1150 1308 1173 1208 1151 1000 1142 1175 1123 1212 1022 1153 1277 933 1337 1195 1181 1082 1032 1043 1124 1195 1233 991 1096 1089 983 1200 958 1105 1325 1068 1114 890 996 1079 1242 965 1149 1232 1156 1144 1103 1147 1007 1029 1182 1167 983 1124 1086 1237 1339 948 1222 1081 1361 1208 1251 1014 1057 1091
1582 1263 1353 1680 1536 1565 1439 1442 1593 1504 1376 1595 1458 1621 1611 1352 1604 1654 1663 1590 1552 1699 1599 1617 1623 1445 1337 1434 1293 1624 1377 1517 1798 1462 1473 1366 1273 1507 1627 1413 1546 1715 1512 1511 1461 1608 1488 1596 1641 1718 1312 1548 1532 1519 1711 1251 1654 1566 1793 1551 1668 1639 1403 1561
1424 1275 1433 1618 1392 1583 1472 1505 1507 1486 1398 1518 1421 1594 1530 1283 1451 1462 1467 1505 1313 1578 1425 1570 1488 1339 1353 1363 1338 1451 1343 1531 1757 1485 1369 1215 1255 1519 1618 1468 1533 1511 1580 1466 1339 1557 1327 1448 1513 1543 1466 1466 1327 1484 1486 1364 1520 1360 1748 1515 1566 1345 1266 1449
1246 1157 1201 1412 1289 1338 1242 1273 1355 1413 1260 1243 1191 1504 1407 1259 1337 1337 1414 1335 1228 1560 1307 1368 1289 1378 1215 1315 1165 1337 1260 1399 1526 1238 1164 1040 1166 1266 1383 1337 1456 1462 1480 1248 1450 1265 1236 1393 1443 1292 1278 1277 1264 1398 1346 1312 1499 1415 1494 1459 1315 1304 1092 1422
1382 1281 1271 1538 1499 1491 1283 1489 1478 1272 1389 1482 1266 1609 1591 1294 1533 1528 1521 1416 1299 1434 1541 1488 1566 1352 1289 1332 1254 1525 1233 1557 1768 1397 1325 1162 1260 1372 1578 1374 1430 1678 1522 1341 1324 1421 1472 1454 1620 1464 1362 1359 1309 1460 1526 1368 1439 1432 1657 1668 1502 1332 1385 1537
1193 1120 1205 1350 1453 1274 1236 1223 1329 1154 1144 1202 1149 1322 1303 923 1305 1295 1389 1377 1215 1299 1314 1334 1347 1102 1095 1275 1009 1238 1134 1264 1587 1306 1072 1193 1040 1148 1243 1212 1350 1343 1431 1135 1185 1279 1218 1252 1442 1435 1156 1208 1162 1180 1409 1262 1257 1299 1455 1334 1411 1261 1181 1157
1213 1132 1146 1437 1260 1296 1318 1226 1244 1228 1082 1178 1146 1433 1372 1030 1283 1234 1329 1278 1137 1359 1403 1404 1299 1181 1146 1175 1085 1288 1226 1252 1619 1157 1095 979 1024 1187 1389 1248 1335 1342 1347 1274 1149 1269 1188 1178 1432 1351 1157 1099 1168 1269 1392 1311 1337 1321 1315 1358 1191 1207 1039 1171
1182 1013 973 1278 1237 1190 1122 1150 1174 1000 989 1102 879 1178 1210 996 1219 1262 1232 1253 1089 1251 1188 1148 1172 1083 1072 1035 1008 1056 997 1242 1320 1147 1047 1046 1025 1093 1207 1089 1109 1278 1179 1059 1105 1176 1126 1122 1280 1239 1101 1170 1131 1169 1256 1047 1122 1356 1292 1266 1166 1124 1095 1207
1160 1132 1080 1304 1244 1341 1206 1192 1238 1284 1188 1252 1162 1401 1381 998 1403 1253 1270 1203 1127 1201 1221 1166 1202 1136 1200 1107 1000 1327 1092 1316 1425 1142 1161 1003 1163 1258 1307 1203 1210 1255 1360 1115 1259 1188 1082 1234 1314 1381 1241 1179 1199 1213 1374 1223 1390 1154 1430 1339 1253 1184 989 1246
1172 1248 1088 1429 1343 1309 1303 1358 1299 1347 1255 1319 1285 1545 1444 1116 1375 1475 1403 1263 1271 1414 1327 1345 1346 1236 1162 1241 1100 1321 1163 1285 1608 1261 1187 1030 1166 1351 1498 1299 1533 1371 1370 1365 1281 1335 1282 1231 1518 1388 1286 1167 1298 1313 1426 1257 1382 1276 1481 1414 1402 1368 1213 1295
1270 1198 1251 1435 1331 1341 1295 1351 1308 1299 1323 1388 1261 1527 1417 1025 1334 1381 1431 1203 1249 1389 1481 1318 1340 1327 1214 1301 1030 1359 1092 1342 1611 1243 1098 1061 1204 1293 1395 1183 1503 1429 1397 1320 1219 1423 1403 1199 1452 1306 1167 1314 1203 1269 1358 1224 1348 1269 1513 1452 1544 1335 1268 1321
1139 1235 1243 1373 1443 1442 1318 1211 1300 1353 1155 1393 1219 1459 1414 1224 1393 1501 1294 1253 1317 1423 1267 1448 1318 1257 1220 1191 1180 1396 1180 1328 1658 1263 1134 1195 1078 1376 1423 1361 1389 1500 1405 1338 1252 1266 1202 1280 1427 1398 1176 1266 1208 1366 1485 1198 1429 1286 1535 1468 1455 1299 1269 1361
1223 1264 1170 1328 1289 1354 1221 1276 1247 1367 1346 1307 1167 1578 1401 1198 1293 1386 1322 1250 1215 1470 1326 1312 1272 1357 1321 1246 1097 1281 1105 1332 1460 1260 1143 979 1230 1392 1406 1344 1343 1458 1388 1273 1246 1380 1280 1335 1321 1373 1241 1313 1410 1321 1425 1287 1421 1338 1446 1424 1313 1320 1217 1493
1081 1059 1161 1295 1199 1278 1211 1120 1220 1142 1056 1251 1019 1214 1354 990 1258 1247 1225 1236 1114 1292 1215 1285 1204 1142 1083 1191 1066 1045 1200 1169 1436 1162 1180 982 1101 1199 1247 1112 1330 1300 1296 1129 1177 1273 1042 1105 1302 1196 1130 1193 1113 1275 1220 1153 1159 1145 1436 1245 1268 1103 992 1194
1224 1201 1339 1491 1406 1428 1320 1353 1415 1377 1409 1303 1232 1356 1453 1167 1472 1318 1453 1366 1217 1399 1329 1442 1499 1368 1305 1292 1170 1396 1229 1436 1589 1317 1246 1183 1265 1317 1469 1295 1453 1546 1408 1287 1400 1359 1283 1399 1495 1400 1310 1354 1303 1457 1413 1273 1418 1381 1581 1523 1409 1307 1267 1374
1395 1162 1215 1387 1452 1481 1273 1452 1372 1322 1277 1335 1238 1532 1451 1199 1370 1395 1435 1264 1216 1371 1408 1448 1440 1334 1197 1196 1191 1398 1199 1319 1671 1404 1314 1143 1120 1277 1362 1228 1420 1418 1287 1364 1142 1410 1306 1248 1506 1346 1280 1484 1296 1271 1433 1164 1365 1282 1560 1538 1452 1186 1194 1223
1299 1021 1063 1285 1210 1156 1071 1189 1175 1145 1155 1251 1027 1345 1293 1168 1281 1216 1305 1101 1070 1297 1199 1314 1183 1231 1119 1009 997 1193 1032 1190 1301 1048 1227 906 1037 1165 1306 1072 1154 1287 1170 1237 1118 1410 1125 1197 1294 1153 1115 1293 1239 1321 1335 1111 1177 1316 1356 1263 1267 1148 1064 1291
1292 1185 1179 1342 1328 1387 1157 1293 1301 1335 1217 1380 1203 1410 1442 1214 1391 1298 1378 1196 1226 1425 1455 1333 1271 1312 1227 1216 1184 1365 1211 1233 1546 1233 1356 1143 1070 1272 1354 1305 1350 1528 1393 1327 1279 1296 1138 1427 1347 1414 1223 1396 1309 1442 1473 1196 1397 1441 1609 1448 1368 1244 1177 1405
1315 1235 1262 1440 1425 1399 1210 1407 1322 1310 1271 1365 1257 1579 1529 1240 1405 1437 1449 1201 1277 1317 1357 1333 1360 1253 1139 1231 1158 1325 1285 1309 1632 1241 1346 1187 1072 1367 1315 1280 1425 1476 1483 1352 1281 1321 1296 1351 1394 1444 1197 1358 1351 1373 1474 1293 1479 1494 1682 1557 1486 1277 1191 1367
1237 1231 1275 1365 1227 1309 1337 1189 1297 1255 1190 1371 1247 1456 1447 1060 1560 1349 1242 1304 1171 1383 1218 1384 1359 1191 1225 1128 1115 1306 1162 1325 1636 1260 1126 1099 1129 1401 1515 1294 1309 1353 1362 1353 1171 1298 1294 1201 1454 1309 1240 1129 1175 1262 1370 1318 1433 1295 1634 1448 1392 1326 1148 1453
1013 1081 1004 1271 1091 1087 1065 1026 1004 1186 917 1116 962 1332 1176 968 1108 1113 1158 1091 1108 1188 1121 1095 1125 1077 1071 968 896 1194 1043 963 1409 949 1017 952 881 1119 1022 1016 1158 1156 1196 1104 918 1054 1032 938 1195 1222 944 1098 1044 1136 1233 1030 1180 1123 1251 1141 1095 1063 1014 1024
1082 1141 1134 1330 1223 1178 1185 1281 1190 1119 1186 1241 1063 1320 1295 1027 1340 1357 1238 1343 1145 1279 1154 1199 1298 1204 1056 1080 852 1188 1020 1225 1323 1120 1188 984 1054 1250 1257 1143 1261 1286 1381 1082 1106 1232 1326 1180 1289 1268 1078 1145 1102 1330 1384 1122 1248 1289 1364 1326 1216 1236 1069 1233
1246 945 1130 1198 1092 1165 1054 1144 1377 1170 1137 1247 1040 1229 1440 1088 1202 1307 1218 1158 1088 1174 1222 1223 1323 1097 1034 1114 1063 1227 1067 1143 1427 1115 1201 1052 953 1155 1240 1167 1154 1096 1240 1244 1121 1177 1080 1192 1302 1277 1005 1192 1205 1208 1340 1110 1234 1235 1579 1322 1311 1143 1035 1266
1304 1300 1248 1458 1331 1338 1277 1209 1179 1304 1252 1227 1129 1509 1621 1222 1469 1336 1456 1284 1220 1396 1311 1401 1381 1398 1239 1254 1104 1296 1325 1395 1641 1274 1232 1191 1166 1249 1453 1324 1253 1463 1348 1251 1308 1397 1281 1432 1451 1403 1240 1300 1342 1413 1516 1341 1350 1441 1591 1451 1351 1253 1110 1484
1385 1335 1310 1628 1528 1454 1271 1435 1576 1388 1323 1458 1442 1453 1584 1132 1521 1452 1397 1420 1355 1397 1445 1579 1440 1378 1350 1194 1304 1498 1227 1422 1750 1358 1343 1226 1125 1404 1579 1361 1433 1482 1261 1359 1222 1440 1305 1355 1608 1454 1316 1346 1436 1459 1575 1240 1442 1493 1593 1534 1542 1451 1280 1430
1230 1150 1100 1286 1211 1345 1196 1283 1250 1244 1186 1372 1244 1394 1382 1046 1224 1295 1412 1208 1231 1429 1487 1342 1392 1310 1062 1261 1056 1309 1163 1222 1630 1180 1058 1196 1018 1278 1357 1179 1416 1305 1342 1219 1153 1359 1299 1233 1431 1331 1055 1296 1115 1235 1273 1109 1331 1111 1463 1398 1438 1219 1163 1241
1327 1189 1094 1438 1431 1315 1217 1332 1415 1271 1286 1222 1211 1427 1357 1150 1431 1211 1451 1284 1280 1352 1227 1341 1296 1231 1202 1219 1124 1373 1035 1340 1526 1225 1248 1089 1126 1363 1377 1341 1225 1412 1355 1259 1328 1281 1220 1428 1399 1485 1294 1233 1369 1330 1359 1226 1353 1369 1437 1351 1294 1277 1179 1378
1460 1310 1297 1659 1479 1556 1479 1458 1394 1328 1378 1404 1241 1654 1539 1215 1525 1549 1477 1489 1429 1550 1304 1546 1418 1438 1256 1378 1340 1294 1288 1462 1751 1299 1322 1105 1284 1582 1520 1311 1514 1499 1434 1360 1360 1586 1449 1208 1575 1361 1379 1477 1193 1454 1457 1315 1527 1390 1570 1514 1538 1342 1255 1444
1432 1246 1277 1667 1439 1486 1424 1313 1418 1482 1386 1393 1280 1480 1565 1259 1483 1408 1463 1399 1331 1514 1321 1459 1531 1322 1215 1312 1302 1467 1227 1427 1561 1262 1374 1160 1182 1351 1441 1309 1442 1446 1365 1437 1482 1488 1252 1400 1483 1456 1283 1424 1421 1336 1632 1142 1537 1477 1661 1491 1547 1319 1209 1364
1239 982 1184 1229 1158 1220 1113 1097 1265 1217 1028 1242 1046 1363 1303 1106 1240 1233 1281 1156 1098 1422 1150 1206 1250 1075 978 1202 1193 1209 1117 1130 1533 1132 1114 1012 1126 1289 1299 1172 1288 1343 1288 1260 1083 1354 1235 1167 1216 1230 1101 1243 1112 1131 1268 930 1264 1200 1537 1236 1270 1273 1067 1230
1244 1200 1145 1415 1282 1195 1239 1211 1163 1167 1308 1178 1006 1448 1390 1058 1287 1319 1365 1296 1196 1287 1192 1315 1272 1180 1156 1189 1168 1203 1193 1356 1624 1156 1311 998 1144 1199 1363 1155 1366 1359 1212 1240 1117 1461 1271 1138 1435 1336 1163 1251 1246 1336 1255 1157 1289 1271 1476 1246 1393 1304 1122 1273
1172 1052 1042 1325 1078 1257 1038 1183 1267 1171 1024 1121 1026 1302 1289 1048 1066 1116 1214 1137 1185 1274 1326 1156 1227 1161 1098 1115 932 1352 963 1126 1402 1091 981 1065 1036 1148 1171 1103 1194 1250 1245 1188 1166 1080 1095 1146 1326 1259 1077 1086 1085 1034 1220 1175 1277 1182 1304 1314 1041 1073 1110 1156
