12 18 13 13 11 10 14 16 14 14 11 11 10 12 12 17 11 13 13 13 11 9 11 11 14 12 9 8 13 14 9 11 11 12 17 10 14 15 9 13 12 16 11 13 14 14 9 8 15 14 13 11 13 7 9 13 12 9 10 9 9 11 11 9
15 24 17 16 16 19 16 17 21 18 19 15 18 22 17 21 20 16 21 17 17 17 17 15 19 20 18 19 18 17 13 17 17 15 23 18 17 23 13 16 16 23 21 18 16 22 17 18 20 20 19 22 15 17 17 12 22 14 17 12 18 14 16 15
15 16 18 14 16 14 15 14 15 12 16 11 17 16 15 18 14 13 18 13 12 13 13 15 14 13 15 12 14 11 9 15 15 14 15 16 15 15 9 15 18 18 14 14 14 16 10 16 15 18 11 13 8 11 15 11 16 9 13 12 13 16 11 13
13 19 19 15 13 15 15 16 16 16 18 14 20 18 12 25 13 16 22 19 16 14 21 16 16 17 14 17 15 20 11 17 15 15 21 16 17 19 17 17 17 18 15 22 17 19 12 16 18 15 17 16 15 13 16 16 18 14 12 13 13 17 13 14
17 25 26 18 19 17 27 25 22 22 20 18 21 23 19 25 17 17 22 22 19 15 19 20 23 19 16 18 23 17 14 20 16 21 21 19 22 28 15 19 19 25 20 22 22 22 15 19 24 24 22 21 16 19 21 18 23 16 20 10 19 22 21 22
14 17 15 13 14 12 15 16 13 9 12 12 14 14 12 17 11 11 11 15 12 11 15 14 10 12 11 9 15 8 8 15 9 11 13 14 14 16 4 14 14 17 11 12 11 18 10 16 11 16 15 11 9 10 9 13 13 12 9 9 13 15 10 13
14 21 17 14 12 19 16 16 17 17 16 14 13 19 15 19 11 13 18 17 13 10 16 11 14 13 15 13 11 15 11 14 12 17 20 17 16 15 8 17 14 18 13 16 16 16 17 15 21 19 16 14 14 10 10 12 15 12 13 14 15 15 16 12
17 19 21 16 16 16 18 22 21 19 16 13 17 20 16 19 14 17 18 17 15 13 18 16 18 17 17 11 19 15 11 17 14 19 20 18 19 19 8 11 16 20 16 16 16 20 13 17 20 20 19 16 17 15 17 18 19 13 15 9 15 17 16 18
15 18 17 14 16 14 19 21 16 20 20 13 15 18 18 17 12 13 16 17 13 10 14 14 18 14 12 13 15 16 12 15 13 15 13 16 18 20 11 17 15 17 16 14 15 15 14 12 20 18 15 18 14 9 16 15 18 12 14 11 15 13 16 15
15 20 18 12 12 13 19 18 18 22 20 13 17 21 16 22 16 17 16 21 15 15 19 18 21 14 12 17 20 19 13 15 15 14 16 13 15 26 16 18 17 19 18 18 21 18 14 14 16 17 15 18 14 14 13 13 20 19 16 12 20 16 16 17
15 19 18 11 13 14 18 15 22 18 16 14 14 15 18 18 14 13 18 18 11 14 13 15 18 13 14 14 14 15 8 18 17 14 17 13 20 19 10 16 15 20 17 18 15 14 17 14 18 18 13 14 11 15 10 9 16 12 15 10 13 16 15 14
14 16 20 14 14 13 18 17 16 18 18 11 16 20 13 19 12 16 15 12 13 10 15 17 15 16 12 11 11 16 14 19 13 19 16 17 16 18 12 13 14 20 13 16 17 18 13 13 18 15 15 14 16 15 11 15 18 16 13 8 12 14 17 17
14 22 19 16 20 16 20 18 21 18 20 13 15 19 19 19 15 15 20 20 14 12 17 10 19 17 16 17 14 18 11 20 17 18 17 17 21 25 12 18 13 28 15 20 15 18 18 17 19 21 17 17 16 15 17 12 17 16 17 10 14 17 19 15
12 16 18 12 13 12 14 14 16 16 13 9 16 14 14 15 9 14 13 14 14 9 14 13 14 13 12 7 14 11 7 14 9 14 14 14 12 19 8 11 15 16 9 16 15 17 13 13 11 14 13 11 9 12 11 10 15 10 10 6 10 12 14 16
15 21 19 17 14 17 18 18 17 21 19 16 21 16 13 21 13 14 20 18 14 7 17 16 21 16 12 15 17 16 9 14 14 15 15 18 18 22 12 17 20 21 16 20 23 16 16 14 20 20 13 15 15 15 18 16 18 14 14 9 13 17 17 15
12 16 13 11 11 14 18 17 16 16 15 13 13 17 13 15 13 12 16 16 14 12 19 12 14 11 14 12 14 14 5 12 10 16 16 17 13 19 11 14 17 16 15 13 14 16 14 17 14 15 15 13 12 12 14 10 16 15 14 12 14 15 14 11
13 18 18 12 14 16 22 16 19 17 14 13 16 16 12 18 13 11 13 15 14 13 18 8 15 14 13 15 17 12 12 17 11 13 15 15 16 20 13 18 15 18 15 16 13 17 10 15 19 13 17 20 13 14 13 12 17 13 13 12 10 16 13 17
12 15 14 13 14 11 15 12 13 12 15 11 9 13 11 15 10 8 13 12 12 9 12 11 11 12 8 10 11 12 11 10 10 7 11 12 12 19 9 11 9 15 10 13 9 14 9 13 10 14 11 12 10 9 9 11 12 11 11 4 12 9 14 11
14 20 23 16 18 11 17 17 25 19 14 18 18 17 17 22 14 12 24 22 14 13 15 15 17 14 14 18 18 16 12 17 12 15 18 16 21 20 13 16 17 24 22 18 15 19 16 20 20 18 17 18 14 13 17 16 14 10 13 12 11 17 14 23
14 22 17 14 12 14 18 17 21 22 17 17 16 19 18 21 15 18 17 19 19 12 17 14 17 14 17 17 14 18 11 15 15 15 19 19 19 26 13 17 16 23 20 19 20 19 19 16 22 21 16 19 16 14 19 12 21 14 16 10 19 16 15 15
17 22 19 17 13 14 17 19 16 20 17 18 18 14 15 19 17 13 17 17 12 11 17 15 15 15 16 11 18 17 10 16 14 13 16 18 14 20 10 17 17 18 17 17 16 20 17 17 20 18 17 17 14 14 14 19 18 13 15 10 15 14 14 16
14 16 19 18 14 15 19 18 18 16 22 15 17 18 19 22 15 13 21 19 11 14 16 18 17 17 13 16 17 19 12 18 13 14 21 18 15 18 10 18 17 19 15 17 17 16 15 17 15 17 15 15 15 11 14 14 19 15 17 12 13 16 15 18
15 19 15 13 15 10 18 13 17 13 18 15 16 16 12 19 14 14 15 15 18 12 12 18 15 16 11 9 16 13 10 12 12 11 18 18 17 19 16 16 16 16 12 16 19 17 13 14 17 13 12 17 15 12 16 12 17 13 14 10 15 16 15 13
14 18 16 13 13 17 18 15 19 16 16 15 15 18 13 18 14 12 16 15 16 11 16 17 14 16 16 14 11 13 9 17 9 17 18 16 20 20 11 16 17 20 20 16 15 18 21 17 16 17 16 15 14 15 14 10 16 9 11 8 14 18 15 17
12 17 14 14 11 16 20 11 20 15 16 12 17 13 11 17 12 12 17 14 17 9 14 14 14 16 11 11 15 10 9 17 6 13 21 17 17 19 13 15 14 18 14 16 14 15 14 17 18 15 19 16 16 14 13 13 18 10 11 8 12 17 12 14
20 22 20 17 14 22 25 22 28 23 23 18 24 25 23 28 18 16 26 27 20 13 21 19 23 19 16 24 25 18 15 18 16 19 26 22 22 28 20 22 23 27 23 21 24 25 17 21 26 25 21 26 17 20 24 19 28 18 22 18 16 24 18 24
20 22 24 16 21 16 20 21 20 23 17 19 20 21 22 23 17 16 19 20 14 14 20 13 18 19 15 17 18 15 12 24 15 20 22 18 20 22 10 20 20 20 18 18 19 18 17 15 17 20 17 21 19 16 17 20 19 13 16 14 18 16 14 21
16 18 16 15 14 13 20 15 19 13 16 16 17 14 14 18 13 12 14 17 14 10 12 14 14 13 11 13 15 10 8 14 14 12 17 16 19 19 10 14 14 17 14 18 15 16 13 17 17 15 13 17 14 13 14 14 19 9 14 10 11 18 9 13
12 21 17 16 18 15 16 18 18 16 18 14 19 15 15 21 16 12 17 19 19 14 17 14 19 16 13 11 20 17 12 16 15 14 17 16 16 20 13 20 17 20 14 18 17 19 13 18 19 17 16 15 14 15 18 12 17 13 16 12 15 14 17 18
11 19 15 12 12 12 15 18 14 14 11 12 16 10 10 14 15 11 11 16 15 10 13 11 15 13 8 8 14 12 7 11 8 10 15 17 13 16 9 14 15 14 11 12 13 14 12 14 13 16 14 14 10 10 13 9 16 11 12 10 13 13 12 11
12 21 15 18 14 14 17 17 19 15 18 14 17 12 13 21 13 12 22 16 14 14 13 15 16 13 9 13 16 16 10 15 11 13 16 15 18 17 11 17 17 21 16 14 15 15 12 13 17 18 14 15 12 14 15 12 20 8 17 10 7 19 14 16
13 22 22 19 20 17 22 20 23 21 21 22 20 23 16 22 17 16 24 22 18 18 20 19 18 20 15 18 19 18 13 19 19 15 20 21 20 23 15 21 21 21 21 25 19 19 13 22 22 18 21 20 20 18 19 19 20 18 20 14 17 20 20 21
6 13 13 10 9 11 13 15 16 19 14 13 18 13 13 14 15 15 16 17 13 12 16 11 13 13 12 13 15 13 7 12 13 10 13 15 12 17 11 13 15 17 13 16 13 11 8 13 15 15 13 16 10 12 13 12 22 13 16 12 13 17 12 15
15 17 16 15 14 17 16 17 17 14 19 11 18 14 14 19 13 10 16 15 15 10 15 17 18 14 10 16 13 15 12 15 12 10 16 16 17 20 12 13 16 17 13 16 15 18 11 18 17 14 15 18 12 11 15 11 19 11 12 9 13 13 13 11
13 14 14 11 11 12 12 17 14 14 16 9 13 16 13 16 12 11 13 14 12 9 15 12 13 14 14 12 11 13 9 12 11 13 16 13 12 14 13 11 12 14 12 14 13 17 13 12 14 14 12 15 14 12 16 11 13 14 11 8 14 14 12 10
14 21 18 13 17 13 16 18 17 20 18 17 17 18 18 17 17 14 18 19 13 16 17 15 19 17 15 11 20 17 10 17 15 16 19 18 15 19 10 17 20 15 18 18 15 19 15 15 17 18 17 15 11 13 14 15 22 14 15 11 15 16 14 18
15 19 18 16 17 10 17 18 19 17 18 15 17 20 16 25 18 16 19 20 19 14 18 18 18 17 15 15 18 19 13 20 14 11 20 15 17 24 11 15 17 19 20 18 18 20 16 16 15 17 18 19 14 19 18 18 19 16 13 8 18 14 16 18
15 17 17 14 13 18 15 19 22 19 17 12 18 20 16 23 17 13 17 17 16 10 18 17 17 17 13 14 18 17 11 15 10 18 23 19 16 17 14 14 18 18 17 17 17 22 17 17 19 19 16 17 16 17 15 14 22 14 17 12 15 15 16 19
14 17 17 13 12 14 14 18 15 16 17 12 14 15 14 22 13 12 16 17 14 9 17 14 17 17 15 12 14 17 9 17 16 12 18 15 14 20 10 13 16 18 16 15 16 21 16 15 18 18 16 17 16 18 17 15 16 15 14 8 15 10 13 11
13 19 20 13 15 13 16 16 21 19 18 12 21 21 16 19 15 15 17 20 15 16 17 16 18 15 15 19 15 15 8 19 12 16 20 18 17 18 13 15 17 17 19 17 17 18 15 15 18 18 18 20 14 16 16 12 24 15 15 13 17 14 16 14
13 17 16 16 11 11 17 14 16 10 14 17 17 17 14 19 13 10 14 15 13 13 12 11 9 13 12 13 19 10 9 15 12 12 16 17 18 15 9 16 16 16 15 16 12 14 14 16 19 13 13 16 12 13 12 12 16 11 13 11 12 15 12 18
16 19 15 13 18 14 14 16 18 17 19 12 15 16 15 19 16 15 19 18 15 13 14 19 22 13 13 14 15 15 11 12 11 12 17 13 17 20 9 15 16 20 17 14 17 19 17 13 15 19 13 14 13 13 14 15 17 10 13 7 14 14 14 14
12 20 15 13 13 13 16 17 24 17 18 15 19 19 16 23 13 13 21 19 15 11 17 18 17 15 14 17 14 16 9 17 15 13 21 17 20 17 16 17 17 19 18 18 16 18 15 15 22 22 17 19 17 16 19 13 22 14 13 14 15 20 12 13
14 21 20 15 17 13 19 19 19 18 20 13 18 18 18 19 19 14 20 19 13 16 16 12 22 16 12 15 19 16 9 14 13 11 16 18 15 23 14 16 19 19 16 14 15 16 14 11 17 20 15 19 9 14 13 13 21 13 16 11 13 12 20 14
20 25 28 18 19 19 22 22 25 23 20 16 18 26 20 26 19 19 22 24 17 15 21 19 22 21 17 15 20 21 15 22 17 24 26 22 23 24 13 21 19 21 18 23 21 24 22 18 25 23 19 22 21 17 16 21 23 15 18 13 20 16 21 22
16 20 14 19 15 12 20 18 23 17 16 13 18 14 15 17 14 14 18 22 18 9 13 13 16 13 14 12 15 13 9 15 14 14 16 16 18 22 12 18 16 25 14 22 19 17 14 13 19 16 12 20 13 15 19 16 20 13 16 12 10 18 16 15
15 20 13 14 10 17 17 18 17 20 17 14 17 19 16 20 14 15 18 19 17 11 19 14 14 15 19 16 14 17 14 13 13 15 17 17 15 22 12 17 15 21 17 16 16 19 16 16 22 20 15 16 12 9 15 15 18 13 10 13 15 16 15 14
12 23 15 16 15 13 18 18 20 18 20 15 20 17 16 24 16 15 21 20 16 16 16 14 17 16 15 22 20 16 12 19 10 12 18 14 15 24 14 17 14 23 19 17 16 17 15 18 16 17 20 20 14 14 15 15 22 14 15 10 14 18 13 18
14 22 22 15 17 18 19 20 21 21 20 16 19 21 21 22 15 16 20 19 14 14 16 18 20 17 15 18 17 16 11 18 19 17 20 19 17 24 13 19 22 21 20 18 20 22 17 21 21 23 19 15 16 17 19 11 20 16 19 14 17 21 16 18
18 24 22 21 18 16 21 22 20 22 24 19 24 22 15 26 19 15 23 21 15 14 19 18 18 20 18 19 19 20 13 18 15 19 19 22 17 25 11 18 19 24 17 20 19 21 19 19 21 23 16 22 18 18 19 18 25 17 21 14 16 21 20 22
21 27 29 18 22 18 24 22 28 21 21 17 23 26 19 22 17 21 20 21 21 12 16 21 26 22 17 15 24 11 11 21 18 23 24 22 24 28 18 20 24 24 24 23 21 26 24 20 24 24 21 24 17 19 18 18 22 14 13 13 19 21 18 22
16 20 17 17 10 16 14 20 22 22 21 17 22 19 17 24 16 19 25 23 17 13 19 18 19 18 17 17 20 20 13 18 16 18 25 19 16 20 15 20 20 22 17 21 22 19 16 17 23 22 19 20 18 15 18 21 25 17 15 15 17 20 13 17
14 18 18 12 19 13 20 16 20 15 16 15 16 21 17 20 18 11 16 20 14 15 12 12 15 16 15 19 20 11 9 17 11 17 16 14 17 23 11 15 18 18 19 13 14 18 15 19 14 16 18 18 9 12 15 11 20 9 15 13 13 14 16 20
14 17 16 14 13 15 10 13 18 18 18 15 17 13 12 17 11 15 19 17 12 10 13 13 14 14 14 13 17 12 10 12 12 14 14 16 13 17 8 14 15 21 14 14 17 17 13 15 17 19 14 14 11 12 14 14 19 12 15 9 14 15 13 14
12 19 18 14 16 11 14 13 21 16 15 17 16 12 12 15 14 12 21 21 13 12 13 13 18 10 11 13 16 14 8 11 12 11 14 17 17 17 12 16 18 20 17 16 12 15 13 16 17 16 14 16 11 14 12 15 14 12 15 9 12 14 16 15
9 19 19 11 16 14 15 13 20 16 15 15 17 14 15 17 16 15 20 15 13 15 17 12 16 13 13 13 11 15 10 18 16 11 15 17 16 18 14 17 15 19 16 17 13 16 14 15 19 16 17 15 12 16 12 12 17 10 13 10 9 13 16 14
14 17 14 9 9 12 14 13 17 19 15 13 13 15 15 15 12 12 15 18 13 11 14 12 12 11 13 14 12 16 12 13 11 11 14 13 13 17 10 14 9 20 14 12 16 16 12 13 17 15 15 15 9 12 14 12 16 13 17 12 13 12 14 14
13 25 17 14 17 15 18 19 20 16 14 16 15 13 18 22 15 16 19 19 16 13 13 15 17 13 13 14 14 15 10 18 18 15 15 14 21 22 10 20 17 23 19 18 17 18 18 16 19 19 13 16 11 14 16 12 16 9 15 10 12 18 14 15
14 20 20 15 17 14 20 19 19 13 15 13 16 16 18 19 12 11 14 18 14 12 14 10 15 14 13 14 19 12 12 17 12 15 15 15 14 18 12 16 17 18 11 14 15 17 11 14 16 15 12 19 15 10 16 15 16 11 14 10 11 14 12 16
14 17 20 14 16 15 19 22 20 18 17 10 17 19 16 20 16 16 20 15 14 12 18 16 18 17 12 10 17 15 10 17 13 14 17 18 15 20 13 14 14 21 14 16 15 17 15 17 17 19 16 19 17 15 15 16 15 17 15 13 15 15 17 19
10 14 16 11 10 10 13 14 15 20 13 10 12 19 15 16 11 16 17 18 11 11 13 9 11 14 13 13 13 16 11 14 12 18 15 13 12 16 14 15 12 17 14 18 16 14 12 11 17 12 13 13 8 9 11 14 16 14 13 12 12 12 16 17
15 22 20 18 18 18 16 20 22 20 23 15 20 18 19 21 20 16 24 21 16 18 19 14 19 18 18 17 18 19 15 20 18 16 17 17 18 23 11 17 16 26 17 18 16 20 15 17 19 20 17 21 18 18 16 17 22 14 18 9 16 15 17 19
17 28 25 15 21 22 21 22 23 23 21 20 22 21 21 28 20 17 21 22 14 12 20 15 26 20 17 22 22 18 15 22 20 20 21 19 21 25 17 25 21 23 22 22 23 23 18 20 25 23 21 22 20 16 19 17 21 16 17 15 21 21 13 19
12 16 20 12 13 19 16 15 20 18 17 14 19 15 18 20 14 15 20 18 13 11 16 14 18 15 13 15 16 12 9 17 13 18 20 21 17 13 11 17 20 20 15 15 15 17 14 19 21 21 16 13 14 14 13 15 17 13 16 11 12 18 13 16
