0 28 36 0 0 0 0 0 0 8 0 0 16 0 0 0 60 0 0 12 21 12 0 24 0 0 28 0 12 0 35 12 3 0 0 0 0 16 0 0 0 14 0 28 4 0 21 0 15 3 0 32 27 0 46 0 28 0 0 0 8 0 21 0
0 15 0 0 18 5 0 8 4 0 6 28 0 0 0 0 12 7 0 20 18 0 0 0 30 2 6 15 10 0 0 20 0 0 0 0 5 0 0 0 0 4 48 0 0 0 28 0 7 0 0 10 2 76 2 0 20 0 0 1 64 0 36 0
30 9 0 15 0 20 40 0 0 0 91 27 27 12 3 31 28 0 15 0 115 39 0 64 54 0 8 55 68 0 91 0 0 0 30 150 0 136 48 130 116 0 40 0 9 69 35 0 0 48 14 86 21 0 60 56 0 48 44 32 0 25 46 32
15 3 0 13 48 0 0 0 0 0 4 9 0 40 1 5 2 0 5 3 12 0 0 9 0 15 12 0 12 0 12 0 0 0 12 0 0 1 0 5 6 0 0 18 3 16 12 6 0 7 0 0 18 0 12 0 0 0 30 15 48 17 0 0
0 42 54 0 0 0 0 0 0 0 16 0 0 0 0 35 56 0 0 90 0 18 21 35 72 0 42 7 18 0 0 18 0 0 0 42 0 0 0 16 56 42 0 0 6 0 56 0 0 0 48 6 0 0 0 0 42 8 16 0 0 0 0 0
0 0 0 56 12 84 0 16 0 0 81 0 60 48 112 56 102 0 99 0 67 56 72 72 48 0 31 66 46 20 48 42 7 24 0 0 0 72 0 40 15 0 54 0 66 40 85 5 90 7 76 0 63 48 80 0 0 0 0 0 24 25 72 0
0 21 0 0 12 18 12 0 0 0 0 0 0 0 18 14 2 0 0 0 45 0 0 0 12 0 5 12 0 0 24 27 0 27 0 0 0 9 0 0 6 0 0 0 0 0 45 0 0 0 0 0 0 0 40 0 0 0 0 21 0 0 0 0
0 12 72 0 4 4 0 0 0 0 0 0 5 0 0 0 2 0 0 16 36 0 0 0 0 0 4 0 0 72 0 0 0 0 0 0 4 0 0 0 0 0 0 0 78 0 36 0 0 0 7 71 0 16 32 0 0 0 0 0 24 0 8 0
24 2 0 68 0 0 0 8 0 32 59 0 31 0 20 12 10 0 24 15 0 16 36 36 0 0 0 26 16 0 24 0 0 0 0 0 0 29 28 96 0 10 36 0 0 0 38 20 20 35 28 0 12 0 0 32 0 24 32 0 0 25 0 0
0 3 0 0 123 1 24 0 0 28 0 0 30 0 0 14 0 0 0 40 0 0 0 0 69 3 0 0 19 0 0 30 14 0 0 10 1 0 0 0 0 6 24 18 0 0 55 74 0 0 49 86 21 113 3 21 0 0 0 53 4 14 0 26
0 5 0 24 0 0 0 0 0 0 0 14 40 0 0 0 6 2 0 9 45 0 0 0 0 0 5 0 0 0 0 10 0 0 0 0 0 3 0 0 0 25 61 0 0 0 84 12 0 21 0 0 0 0 40 0 10 0 0 0 4 15 0 0
39 0 10 0 0 16 0 48 24 64 0 0 0 54 0 0 0 0 0 0 63 7 0 0 0 0 7 0 0 6 0 0 0 0 6 0 0 0 0 49 0 0 0 0 4 0 70 0 42 12 8 0 0 0 56 32 0 14 28 36 0 18 0 0
27 0 51 0 0 0 0 8 21 36 0 0 16 0 0 0 0 0 0 0 0 9 0 6 0 0 0 0 0 3 0 5 0 1 35 0 0 56 6 63 0 0 18 0 0 21 72 28 0 0 0 8 0 72 0 0 0 18 60 36 6 0 7 0
18 15 0 25 19 93 0 0 0 36 20 45 0 74 5 102 44 0 25 0 21 23 0 24 54 0 0 66 0 32 24 10 0 31 18 40 0 35 42 107 98 0 24 6 47 45 2 14 0 0 0 59 0 0 21 18 0 0 34 70 0 31 15 6
0 42 0 35 0 7 0 0 0 0 28 63 0 28 7 40 36 0 35 28 14 0 3 5 0 0 0 1 0 0 0 0 2 0 0 38 7 0 0 51 20 16 16 0 21 0 14 0 10 2 0 30 18 0 12 0 0 0 16 32 28 14 0 0
12 59 72 5 0 0 39 0 7 16 28 9 0 6 55 5 0 0 5 24 0 31 0 63 0 0 56 15 48 0 18 28 0 0 0 30 0 0 0 48 0 0 0 0 11 0 19 0 0 0 0 8 18 0 0 24 56 8 16 0 0 2 0 24
6 0 0 0 0 4 9 0 7 0 0 0 2 2 0 0 0 0 0 0 52 3 0 8 0 0 5 4 0 0 8 4 0 0 6 0 0 0 0 0 8 0 8 0 0 1 45 0 0 0 0 1 0 9 40 0 0 0 0 4 0 1 5 0
0 0 0 0 14 0 72 0 56 0 21 0 27 16 0 0 0 0 0 0 24 39 0 24 0 0 0 0 0 0 9 42 0 0 0 0 0 0 0 0 0 0 0 6 0 0 2 6 0 0 0 34 0 0 0 0 0 0 12 0 0 0 21 6
0 0 54 0 0 0 0 0 20 0 0 0 4 0 0 0 0 0 0 0 0 0 0 8 0 1 0 0 0 8 9 0 0 0 25 0 0 40 0 0 0 20 80 0 0 56 45 20 0 0 0 10 0 18 0 0 0 0 64 8 0 0 0 0
0 0 8 0 0 0 29 32 0 8 0 0 4 0 0 4 0 0 0 0 0 0 0 12 12 0 0 0 10 0 0 20 4 4 0 25 0 0 24 0 0 0 0 0 0 0 14 16 0 0 14 8 0 10 0 6 0 0 0 22 24 4 28 20
25 18 0 0 0 14 0 0 0 0 0 42 0 32 0 0 32 6 34 24 61 0 0 15 0 25 0 0 15 8 52 58 0 0 20 45 6 30 0 0 0 0 48 30 0 0 80 0 10 30 10 47 0 0 0 0 30 0 0 25 36 0 32 0
0 18 0 30 0 16 40 0 0 0 24 54 0 88 6 30 64 0 86 0 0 0 0 0 0 0 0 0 16 16 64 56 0 0 0 40 0 0 0 30 0 0 0 0 18 0 0 0 0 0 0 0 0 0 0 0 0 0 0 0 0 12 64 32
0 42 54 0 0 6 0 0 0 0 20 0 0 24 0 0 44 5 21 18 30 18 0 0 20 0 52 25 18 6 24 39 0 0 0 8 0 0 2 0 0 0 0 0 6 6 0 0 0 0 0 6 0 0 0 0 42 0 18 4 0 0 26 0
5 6 6 0 0 0 3 0 0 37 56 0 0 0 0 0 26 0 0 0 42 36 0 2 0 0 0 39 46 16 42 18 24 0 0 70 16 36 0 50 34 0 0 12 16 30 35 1 0 40 0 62 21 0 0 56 0 0 8 16 0 0 15 0
0 49 0 0 28 0 28 0 0 0 0 63 0 0 42 0 0 9 0 0 0 0 0 0 9 1 0 0 5 0 56 108 0 49 0 0 0 21 0 0 14 2 80 0 0 0 63 0 0 0 0 0 1 2 1 0 45 0 0 49 18 0 0 0
0 0 0 0 0 9 0 56 0 0 16 0 0 0 0 7 1 0 0 0 0 0 0 29 6 0 0 16 8 0 12 35 0 10 0 0 0 0 42 10 0 0 0 0 0 0 10 0 0 0 0 0 6 0 0 16 0 40 0 28 42 0 49 0
0 0 12 0 0 0 0 0 0 0 0 0 0 0 0 0 8 0 0 0 0 0 0 18 63 0 0 14 0 4 0 0 0 0 0 7 20 56 0 0 0 0 24 15 0 28 0 0 0 5 0 0 18 14 28 0 0 56 32 0 0 0 0 0
20 12 0 48 10 4 0 0 0 0 29 0 37 0 0 0 54 0 15 34 111 15 0 36 0 20 0 5 4 0 31 0 8 0 16 48 4 6 0 29 30 0 0 24 0 0 122 24 65 50 25 49 75 85 48 8 0 0 36 88 36 30 41 0
54 0 54 0 12 4 0 0 27 32 0 0 12 16 0 0 16 0 14 0 24 8 0 18 0 30 0 0 0 4 40 14 0 0 69 0 0 72 0 56 0 0 0 36 0 0 113 36 0 0 0 6 0 102 0 0 0 16 32 54 24 0 40 0
42 6 0 10 63 28 0 0 0 0 15 18 9 8 2 10 36 0 10 0 57 5 0 64 0 0 0 28 0 0 104 45 0 0 42 0 0 0 0 10 56 18 56 63 6 7 9 27 0 0 0 78 0 0 0 0 0 0 4 0 0 11 69 27
12 21 44 35 16 36 0 0 0 0 28 63 0 28 16 35 17 0 35 0 21 7 0 37 0 0 0 29 30 1 16 0 8 0 12 0 0 0 0 35 24 0 16 0 27 2 0 0 0 0 28 0 27 85 35 0 0 0 0 0 32 16 47 0
0 1 12 0 0 8 0 0 0 6 10 0 0 0 81 0 99 5 0 0 32 69 0 0 20 0 52 25 68 9 40 3 0 0 0 0 0 0 0 0 21 16 0 32 54 61 0 7 0 0 8 0 0 0 52 0 0 0 0 0 0 35 24 0
3 0 0 63 35 0 0 18 0 4 18 0 10 0 45 0 0 0 54 0 35 1 81 81 0 0 0 4 15 0 0 25 0 0 0 45 0 46 0 52 0 5 20 15 0 0 6 15 45 30 45 77 0 0 0 0 0 2 4 0 0 0 0 15
0 0 0 0 0 0 16 0 0 32 0 0 16 0 0 21 8 0 9 0 9 0 3 5 48 0 30 1 30 0 0 0 16 0 0 6 0 0 0 0 15 6 0 0 0 40 83 69 15 0 71 32 0 40 30 24 0 0 0 24 0 41 0 0
0 9 9 63 0 0 0 34 8 0 0 0 16 0 45 0 33 0 54 3 0 3 81 102 0 0 49 21 45 0 0 3 0 0 0 24 0 0 0 57 36 10 18 0 1 56 10 7 59 0 45 10 27 21 42 0 7 0 12 26 0 35 0 0
0 0 14 6 0 0 14 6 30 28 0 0 18 0 0 14 0 0 0 0 49 0 0 0 42 6 0 0 21 0 54 0 70 0 0 63 0 42 0 0 56 6 0 0 0 0 58 56 0 42 49 77 0 35 0 21 0 0 1 21 0 14 35 0
0 0 0 0 7 0 0 0 0 0 0 0 6 0 0 0 0 0 0 0 0 0 0 0 0 0 0 0 0 0 0 5 0 0 0 0 0 0 0 0 0 0 0 3 0 0 1 3 0 0 0 11 0 27 0 0 0 0 0 12 0 0 0 3
0 7 0 21 4 0 4 54 0 0 66 0 30 0 45 0 0 0 18 54 0 0 27 73 54 0 0 12 0 24 8 39 0 13 0 0 0 51 36 27 44 0 36 0 24 0 42 0 15 0 51 21 4 0 0 0 0 6 12 31 36 0 42 0
42 0 21 8 4 28 0 0 0 0 0 0 0 0 0 0 2 0 0 3 98 0 0 63 0 0 0 28 21 7 56 0 0 0 42 63 0 43 0 0 56 0 98 0 0 56 0 4 0 49 0 49 0 16 0 0 0 0 56 0 8 12 43 0
0 0 0 56 0 0 0 40 0 0 0 0 18 0 40 0 0 0 48 0 45 0 72 81 0 0 5 0 0 0 0 15 0 3 0 0 12 0 18 40 0 0 0 9 0 0 45 0 40 3 40 9 0 81 40 0 0 0 0 48 18 0 21 0
0 0 82 0 0 22 0 0 20 6 0 0 12 40 45 0 89 0 53 0 21 35 0 18 0 4 0 0 22 15 76 35 0 0 0 0 0 12 0 0 0 0 0 0 30 0 54 0 30 0 42 21 0 0 36 0 0 0 0 0 6 0 40 0
40 0 0 0 0 0 24 0 0 30 0 0 20 18 0 0 40 0 0 0 0 0 0 46 0 0 0 32 0 0 0 0 0 0 0 0 0 20 0 56 0 0 0 0 0 0 0 8 0 0 0 35 0 0 35 6 0 0 0 10 10 6 0 0
0 54 24 0 24 4 24 0 0 0 61 0 0 0 150 2 40 0 0 16 0 59 0 57 0 0 0 10 24 16 60 54 0 42 0 36 4 23 15 18 19 0 48 0 48 89 10 0 0 0 0 8 13 0 3 16 0 0 147 60 16 0 9 0
0 0 21 0 0 0 0 0 0 0 26 0 0 0 0 0 36 0 0 0 42 0 0 7 0 0 30 0 24 7 45 0 0 0 0 70 0 36 4 0 3 18 42 36 0 117 0 1 0 36 42 42 0 0 42 0 0 0 92 8 0 47 31 0
39 4 5 0 16 28 0 0 0 24 0 0 10 12 0 25 83 0 0 0 35 24 15 65 0 0 0 25 0 3 40 12 0 0 33 70 0 0 0 20 65 30 40 0 2 25 0 0 0 6 4 20 6 45 0 7 0 0 30 60 16 5 25 0
48 0 10 0 0 32 0 0 0 0 33 0 0 0 0 27 36 9 0 0 110 18 0 64 45 1 18 77 5 0 64 0 40 0 48 12 0 0 66 0 104 32 120 0 0 17 0 0 0 0 18 12 1 2 1 0 0 18 27 6 0 8 68 0
20 0 0 56 0 0 12 16 0 14 21 0 47 0 40 0 40 0 48 0 24 15 72 134 0 0 0 16 0 0 9 0 0 0 0 0 20 20 0 68 0 0 0 15 0 0 0 4 40 5 40 53 0 0 35 0 0 0 12 0 10 0 21 0
45 0 0 35 0 6 0 10 0 0 0 0 40 24 37 0 40 0 51 0 36 0 45 86 0 45 0 0 0 6 60 21 0 0 36 0 0 0 0 25 0 0 0 54 48 0 36 0 25 0 81 0 2 0 0 0 0 0 0 45 0 0 24 0
103 0 77 0 24 70 24 0 21 10 0 35 4 74 0 0 64 5 49 0 36 0 0 22 27 0 4 32 0 83 56 74 0 0 56 3 0 84 0 56 0 0 40 0 62 0 134 36 0 42 28 49 9 0 51 49 25 24 15 0 36 0 56 0
0 0 56 30 6 0 0 30 0 0 32 0 20 0 42 0 0 0 0 0 0 0 0 49 0 0 0 20 16 0 24 0 0 0 0 0 0 0 0 20 0 30 0 0 0 0 65 0 0 0 0 0 19 24 0 32 0 0 5 0 12 0 12 0
0 20 36 20 0 24 0 0 0 48 71 36 0 16 4 28 36 5 20 0 71 60 0 8 20 0 10 25 24 0 0 24 5 0 0 36 0 20 33 52 28 0 0 0 12 91 35 0 25 5 24 0 45 0 72 0 0 40 89 18 0 8 9 0
0 8 0 0 0 0 0 0 0 0 121 0 109 0 0 5 8 0 0 0 0 0 3 5 0 0 0 44 20 0 30 0 0 0 0 6 0 72 0 25 0 81 182 0 0 0 65 0 0 0 0 14 15 0 0 40 0 0 0 0 0 0 0 0
35 0 18 0 21 0 0 0 9 30 0 42 0 45 0 0 0 6 0 0 63 0 0 21 0 35 0 0 15 0 28 45 0 0 43 45 0 54 0 0 0 0 48 51 0 0 100 21 0 30 0 59 0 0 0 15 30 0 0 60 12 15 0 9
0 0 63 0 32 108 0 0 0 0 8 0 0 24 0 72 8 0 0 36 9 24 0 3 84 0 0 48 36 3 0 0 0 24 0 0 0 40 48 72 84 0 18 0 0 69 28 0 0 0 60 0 12 0 69 0 0 4 68 0 32 0 0 0
0 20 0 0 8 2 8 0 0 54 14 0 0 81 48 0 63 7 0 8 60 0 0 42 28 0 16 35 0 0 16 18 0 14 0 40 2 6 0 20 29 0 0 0 0 0 18 0 0 0 0 19 6 0 16 27 0 0 20 99 8 27 0 0
0 0 0 0 0 0 0 0 35 0 50 0 0 0 0 0 0 0 0 9 0 0 0 0 9 7 0 30 24 8 99 0 0 0 0 0 0 0 0 32 7 0 0 0 8 0 37 0 0 0 6 7 18 0 0 48 0 1 2 0 0 0 0 0
0 9 0 63 10 0 0 64 8 12 12 27 50 30 3 15 0 0 15 0 0 0 0 0 0 0 0 0 0 0 0 0 0 0 0 0 0 0 0 15 0 48 0 0 9 0 72 0 14 0 0 9 0 121 0 6 0 0 8 48 20 12 20 0
54 49 63 0 40 36 20 16 20 0 16 0 0 30 0 27 48 8 0 21 111 39 0 106 41 5 65 104 34 0 108 31 0 2 54 20 0 0 75 0 72 2 80 0 7 9 0 0 0 0 18 7 52 30 1 0 49 18 25 8 52 9 59 16
0 27 37 0 0 6 0 48 24 54 0 0 72 81 0 6 0 0 0 24 7 9 0 3 54 0 0 0 0 3 0 0 49 0 0 6 6 63 18 24 69 45 99 0 0 39 52 0 47 1 0 12 9 0 39 27 0 48 30 51 24 27 30 0
24 9 8 72 48 21 0 0 0 32 0 0 0 108 0 0 90 0 63 39 0 8 0 0 0 0 0 0 0 18 72 63 0 0 0 0 3 9 0 56 0 0 0 0 0 0 8 36 0 63 0 6 18 0 0 0 0 16 62 0 60 45 72 0
0 6 0 0 63 29 63 0 49 0 2 0 0 14 0 36 3 0 0 45 0 31 0 0 27 0 0 18 0 0 0 28 0 9 0 0 2 0 35 2 7 0 0 0 0 0 7 0 0 0 16 4 14 0 0 0 0 11 2 0 8 0 0 0
50 9 0 0 42 66 9 0 0 3 0 0 14 0 0 49 7 0 0 12 28 0 0 27 42 35 0 54 0 0 28 30 0 21 28 0 3 0 0 21 0 0 0 60 0 0 34 21 0 0 0 61 0 63 0 0 0 0 0 63 12 0 0 18
0 22 0 0 45 7 0 0 0 0 0 56 15 0 0 18 10 8 0 48 0 27 0 14 0 0 0 14 0 0 0 40 0 0 0 0 7 45 54 72 63 5 73 0 6 54 61 0 0 0 7 15 28 23 27 0 40 0 18 4 44 0 0 0
35 67 24 102 75 16 45 48 24 49 36 54 0 48 42 36 56 6 30 27 40 57 0 14 42 2 12 58 26 0 48 75 0 54 0 0 0 42 18 121 33 4 16 0 18 53 0 67 42 63 16 0 14 20 31 0 0 0 26 48 40 57 8 0
