0 0 0 35 81 0 0 0 55 45 24 110 0 0 36 54 60 24 45 0 72 12 0 0 36 20 0 32 24 0 8 0 0 24 52 9 64 30 18 72 0 0 8 0 12 0 0 40 0 0 0 62 0 28 54 35 0 0 0 120 32 12 0 0
0 0 0 0 0 0 0 9 0 0 0 0 9 18 0 68 0 0 0 40 0 8 28 18 5 16 14 0 0 18 0 16 0 77 0 0 0 153 0 0 8 0 0 63 10 10 9 0 6 0 0 81 0 0 0 0 0 0 0 0 8 0 74 58
0 0 0 0 0 72 0 0 0 0 0 0 0 0 0 0 0 0 0 8 0 0 0 0 0 12 48 0 16 0 0 0 0 35 0 63 0 0 0 0 0 0 0 0 18 0 0 49 0 0 24 0 30 0 0 48 0 40 0 21 0 0 54 66
0 0 0 7 0 0 36 0 89 0 24 12 0 16 36 54 21 35 0 0 56 0 20 0 0 9 63 0 0 7 0 45 27 24 0 0 54 0 18 6 108 48 63 0 66 57 0 0 27 0 12 4 45 0 30 63 0 0 7 44 36 0 5 48
8 12 42 56 54 108 12 8 108 67 104 119 0 28 0 0 0 26 0 7 32 32 163 0 20 16 82 0 14 0 0 42 0 36 8 12 16 0 0 9 3 124 0 0 8 42 31 58 0 0 48 49 0 0 0 12 7 69 8 28 0 24 48 45
0 0 0 0 0 9 0 0 0 0 0 15 0 0 0 48 0 27 0 1 40 0 0 0 0 0 30 0 2 0 0 0 0 9 68 0 0 0 81 0 0 18 0 0 6 63 21 64 0 0 63 8 0 0 0 0 0 20 0 0 0 0 0 11
0 0 0 45 0 0 0 0 15 5 0 0 0 12 0 0 0 0 12 0 35 24 63 0 15 25 45 36 0 25 0 0 0 15 15 0 0 0 63 0 0 0 0 0 0 9 0 0 0 10 0 0 40 63 0 0 0 0 0 0 9 6 63 0
0 45 41 16 0 24 32 16 6 16 36 0 0 0 0 24 0 0 0 30 24 100 54 0 45 0 0 0 54 0 40 52 24 45 0 0 12 0 28 0 101 32 0 44 8 24 0 10 0 30 48 0 40 54 0 0 0 0 0 0 48 0 30 28
0 0 36 116 0 9 24 16 47 24 63 21 0 90 6 4 0 0 78 15 64 28 62 33 0 61 6 0 108 40 0 32 18 50 30 18 12 5 28 3 135 0 0 28 6 23 0 46 64 48 56 16 94 39 12 28 0 5 17 38 16 85 19 48
0 0 0 9 18 0 0 8 6 1 72 62 6 12 0 24 16 32 0 0 19 16 29 12 8 16 24 0 59 69 64 24 0 48 3 2 0 94 7 8 16 0 0 40 0 61 0 0 0 15 73 120 8 59 0 0 64 0 0 0 24 0 5 30
0 0 0 0 27 63 0 0 0 18 0 35 0 0 0 16 0 0 18 7 0 0 0 0 12 0 42 0 94 0 0 0 0 35 16 3 4 0 0 0 63 0 0 0 0 0 0 28 56 0 71 0 0 36 16 28 0 35 0 16 0 56 0 21
9 102 9 45 0 0 0 0 16 5 0 0 0 0 0 0 0 0 36 0 39 12 99 30 0 43 30 24 18 25 99 3 0 0 15 3 0 0 42 21 45 0 0 15 0 37 0 18 6 5 8 0 67 69 39 27 0 0 0 0 14 0 42 12
0 0 0 0 2 0 4 0 48 63 92 81 0 72 54 105 0 0 0 27 0 18 0 0 0 0 0 0 108 0 0 0 0 36 18 0 81 15 27 9 9 0 0 0 18 45 0 49 0 9 66 0 0 54 69 42 0 0 51 82 0 0 0 3
0 0 0 0 0 0 32 6 0 0 0 18 0 0 18 0 4 17 0 0 78 4 24 0 0 6 0 0 8 12 0 40 24 0 0 0 0 85 0 99 64 18 27 42 8 0 15 0 0 0 0 68 40 8 0 0 0 21 0 3 16 0 24 64
0 72 8 72 72 0 0 0 72 8 0 56 0 96 0 0 0 0 24 0 56 4 0 0 32 40 29 0 72 96 129 36 0 8 42 8 0 0 3 31 40 72 0 5 0 90 28 16 0 20 37 0 64 0 16 32 0 0 36 0 0 12 0 4
0 6 0 0 56 0 0 0 15 0 12 6 0 0 18 27 48 0 0 0 0 12 0 0 0 0 0 40 0 0 0 80 0 76 0 0 27 0 9 0 0 0 0 0 54 64 54 0 0 0 0 0 12 48 15 0 0 0 0 66 0 0 0 0
0 2 0 0 0 0 0 0 0 0 0 0 0 0 0 0 0 20 0 0 0 24 0 0 5 16 20 0 0 0 27 16 0 5 10 0 0 0 0 21 0 0 0 15 24 0 18 0 0 0 32 0 44 16 0 64 0 0 0 16 0 0 72 68
0 0 0 0 0 0 0 0 0 0 0 0 0 0 0 0 0 0 0 0 0 0 0 0 0 0 0 0 0 0 0 0 0 0 0 0 0 0 0 0 0 0 0 0 0 0 0 0 0 0 0 0 0 0 0 0 0 0 0 0 0 0 0 0
0 0 0 0 42 0 0 0 42 0 63 49 0 56 14 0 36 9 0 0 0 0 56 7 18 0 40 62 0 0 0 24 81 48 0 9 0 0 56 7 0 56 0 0 36 70 0 36 0 0 14 0 36 63 81 0 0 0 0 0 8 0 77 0
0 0 80 20 0 0 63 20 0 62 45 0 0 0 0 0 42 0 0 7 0 35 45 0 0 0 0 91 40 0 7 0 56 25 0 0 15 0 35 0 60 0 0 91 0 0 0 55 40 0 25 0 0 0 21 0 0 0 0 0 0 40 0 0
73 7 0 0 27 0 14 0 49 0 0 18 40 0 0 24 0 0 91 0 27 24 0 0 0 0 145 21 39 16 70 32 27 0 0 7 0 0 0 87 52 0 0 30 47 45 0 0 29 0 132 0 83 54 33 57 0 0 0 0 42 0 0 40
5 0 40 0 0 18 72 0 3 135 0 49 0 0 0 36 0 0 63 80 0 0 30 0 0 10 21 72 0 56 56 18 64 24 56 0 14 15 0 7 27 0 0 64 0 15 18 54 0 9 0 0 0 0 0 0 0 0 63 56 0 0 45 21
14 0 45 0 0 0 81 0 17 81 105 90 0 72 18 0 0 0 10 9 12 0 72 9 0 0 53 123 27 0 0 0 78 0 0 0 0 0 63 0 0 0 0 72 0 21 0 21 0 15 42 0 0 99 0 0 0 0 0 12 33 0 90 0
0 0 0 0 0 0 0 0 0 0 0 0 0 64 0 0 0 0 24 0 0 0 0 0 0 0 0 0 40 0 0 0 0 0 10 0 0 0 0 5 0 0 0 0 0 25 0 0 0 20 0 0 0 0 0 0 0 0 20 0 0 12 0 0
0 52 5 0 63 0 12 0 0 54 48 97 0 0 0 30 0 2 0 0 25 38 0 0 8 12 14 0 0 0 94 98 18 0 35 15 0 0 45 42 33 0 0 30 28 10 63 100 6 0 54 5 52 56 18 60 0 0 0 80 8 0 54 95
0 0 0 9 0 0 0 0 8 1 0 0 1 2 0 4 0 0 0 0 27 12 15 2 0 6 7 0 101 5 27 0 0 43 3 0 0 9 0 21 67 0 0 15 5 25 0 28 59 25 75 0 8 45 0 0 0 0 0 0 44 56 0 12
49 0 0 0 45 54 0 0 49 0 63 84 0 56 14 0 0 36 35 6 0 0 0 7 20 6 108 21 12 0 0 36 21 8 45 5 0 0 0 0 0 0 18 0 9 0 28 0 0 0 75 0 15 16 16 56 0 30 0 9 36 27 48 39
0 0 72 32 0 0 0 32 0 32 72 0 0 0 0 0 0 0 0 0 0 56 72 0 0 0 0 0 0 0 0 0 0 0 0 0 24 0 56 0 24 0 0 56 0 0 0 0 0 0 0 0 0 0 0 0 0 0 0 0 0 0 0 0
0 0 0 0 14 0 0 0 0 0 0 0 0 0 0 74 12 0 0 0 35 0 0 0 0 0 0 10 48 0 0 8 0 16 49 0 0 0 63 0 0 0 0 0 12 16 0 56 0 0 72 7 0 72 32 56 0 0 0 0 0 0 0 7
0 0 0 14 42 0 0 0 55 0 36 18 0 0 54 81 36 0 0 0 0 64 6 0 40 8 0 30 0 0 0 24 0 124 0 0 81 0 27 0 0 0 0 0 54 48 0 0 0 0 0 14 0 0 45 14 0 0 0 70 0 0 0 3
0 6 0 0 0 0 20 0 27 0 24 0 0 0 0 0 0 15 0 0 0 0 21 0 0 0 12 0 0 0 0 25 15 0 6 0 0 0 0 0 40 0 0 0 5 0 0 0 0 0 0 0 25 0 0 0 0 0 0 0 0 12 24 10
0 45 5 0 8 0 16 25 5 0 0 0 0 56 0 0 0 0 0 45 64 72 48 0 0 0 48 0 0 18 40 0 0 10 0 18 32 97 0 0 40 0 0 63 0 0 9 24 0 15 48 81 0 0 0 0 0 0 25 6 0 0 27 5
33 8 0 0 0 0 40 12 64 5 32 36 0 42 36 0 36 22 20 0 60 0 94 0 0 10 52 36 0 0 6 0 12 0 0 0 24 79 0 54 0 36 54 0 0 15 18 30 0 0 36 0 0 0 18 0 0 42 45 6 0 16 32 24
49 0 0 0 0 0 8 5 49 1 0 0 0 0 0 0 0 0 35 0 0 0 73 0 0 0 84 49 0 10 0 0 21 0 0 0 0 45 49 0 12 0 0 35 15 22 5 0 9 0 63 69 0 49 0 0 0 0 9 0 19 0 64 12
5 4 0 0 0 0 0 0 0 0 0 0 0 5 8 0 9 2 0 8 7 8 0 0 4 0 29 0 0 72 72 32 18 0 0 2 0 0 0 9 0 8 0 0 0 11 36 8 0 0 0 0 16 32 20 0 0 0 0 32 0 0 0 0
0 0 0 0 61 0 14 0 14 0 0 42 1 2 0 4 0 1 0 63 28 63 21 2 26 1 0 0 63 0 0 0 9 8 0 7 0 44 0 0 21 72 0 0 0 100 0 4 0 56 98 0 4 63 9 0 0 0 35 0 56 0 0 7
18 9 40 54 8 0 88 0 24 54 0 0 30 0 0 0 24 40 42 62 106 90 28 0 0 30 66 88 0 38 0 117 64 10 18 0 0 30 28 12 18 0 72 64 0 4 116 0 0 18 48 0 114 100 20 104 0 0 38 72 4 0 28 6
0 0 0 0 7 0 0 3 0 0 27 18 4 8 0 16 6 24 36 0 0 32 0 38 0 4 24 5 0 0 72 13 0 40 12 0 0 36 0 56 6 0 0 55 6 8 0 0 0 0 0 24 0 18 12 0 24 0 0 0 0 0 0 32
74 8 0 0 27 81 0 0 155 54 32 21 0 56 27 0 24 44 40 30 64 0 28 0 12 0 131 30 12 8 0 0 24 42 0 24 0 0 0 0 63 0 75 0 45 45 27 81 27 0 72 18 0 0 0 64 27 30 80 0 36 16 32 18
0 0 66 48 0 36 54 0 0 36 45 35 0 40 10 0 0 0 0 6 0 0 42 5 0 0 0 54 0 0 0 0 48 0 0 0 0 0 0 0 0 24 0 48 0 0 0 0 0 0 0 42 0 5 0 0 6 12 0 0 0 0 15 0
0 0 0 0 0 0 48 0 0 6 27 21 0 24 6 24 0 0 0 0 0 0 6 3 0 0 0 0 36 0 0 0 0 0 0 0 0 30 0 0 0 0 0 0 0 0 0 0 0 0 54 6 0 57 24 42 0 0 54 0 0 0 9 3
0 0 30 40 0 30 0 0 10 0 8 4 0 0 12 70 0 0 0 40 0 0 35 0 0 0 0 0 30 0 0 16 0 8 0 0 18 0 6 0 0 20 0 0 4 0 0 0 0 0 45 35 0 45 30 35 5 10 0 12 0 0 40 16
0 56 0 0 0 0 0 0 63 36 56 28 0 0 0 0 0 7 36 0 0 0 49 0 0 0 0 0 18 0 0 6 0 5 32 15 8 0 0 0 0 0 0 0 0 0 0 7 12 0 0 0 54 0 54 54 0 0 0 35 0 28 56 0
0 63 45 0 63 0 95 6 0 54 0 42 0 21 0 0 0 0 6 9 24 0 18 5 0 0 18 81 27 0 0 58 72 0 0 23 12 0 0 0 0 0 0 72 0 0 0 0 18 0 35 0 81 3 83 95 0 0 0 0 0 0 0 28
0 0 6 8 63 6 46 0 0 0 0 42 0 0 0 0 0 0 0 0 0 0 13 0 0 0 0 0 0 0 0 89 24 0 12 14 0 0 0 0 64 4 8 0 8 0 0 0 0 0 35 13 40 4 0 14 1 2 0 4 16 12 0 47
14 0 25 0 0 0 45 0 14 84 48 54 0 0 0 0 0 0 10 5 0 0 0 0 0 0 14 51 0 0 0 27 46 6 0 0 0 0 0 0 0 8 0 40 0 8 21 42 0 0 18 0 0 0 12 24 0 0 0 24 0 0 0 0
0 0 0 0 0 0 28 0 0 36 0 28 0 0 0 0 0 0 60 0 0 60 0 20 20 0 0 0 0 0 63 35 21 20 47 0 8 0 0 49 56 0 10 35 7 0 0 0 0 0 0 0 35 17 8 0 0 0 0 37 20 15 0 42
0 0 0 0 0 0 0 8 0 0 0 0 0 28 0 0 0 0 0 0 32 16 24 0 0 0 80 0 0 0 36 0 0 0 0 0 16 0 0 28 32 0 0 20 40 40 0 0 24 0 0 0 0 0 0 0 0 0 0 0 32 0 0 16
0 29 3 0 81 0 0 0 0 0 0 63 3 36 0 32 0 0 30 0 0 4 0 6 36 3 0 0 30 0 24 16 0 24 0 9 0 27 0 0 15 0 0 0 0 0 18 6 0 25 45 0 4 61 20 35 0 0 0 16 0 15 0 0
15 8 0 54 9 0 2 0 18 6 0 6 0 15 24 0 27 0 0 24 63 16 0 0 0 30 6 0 0 30 0 71 0 0 18 2 0 0 0 0 0 0 0 0 0 9 72 0 0 0 5 0 64 64 6 2 0 0 0 64 0 0 0 4
0 22 0 0 0 57 0 0 63 28 56 0 0 0 0 28 0 7 0 39 0 16 49 0 0 0 24 0 8 0 0 78 0 28 0 0 0 0 0 0 21 0 0 0 0 0 93 63 0 0 0 0 16 64 0 0 0 20 56 64 0 28 91 26
0 0 0 0 9 0 74 0 0 7 0 0 8 16 0 32 21 35 0 0 56 81 0 16 0 8 0 0 40 7 0 0 0 89 0 0 0 107 0 0 45 0 63 0 0 0 0 20 40 0 79 0 0 0 0 56 0 0 70 0 0 40 0 0
0 0 0 14 9 24 0 0 18 32 0 7 0 30 0 0 0 0 30 0 32 32 87 0 24 8 45 36 72 0 0 0 0 52 18 1 0 0 63 0 24 0 12 0 0 41 24 72 0 65 64 8 0 141 0 14 0 0 64 22 97 33 63 0
6 9 88 76 0 42 0 26 60 20 45 0 0 48 0 36 12 20 0 0 62 35 130 0 0 12 0 0 0 16 8 0 0 0 51 0 15 48 89 1 20 36 42 77 0 20 6 50 0 0 2 109 0 3 0 32 7 14 4 3 12 9 18 6
21 28 0 0 0 36 0 2 21 0 18 48 0 0 36 0 0 18 15 4 84 0 0 0 0 0 36 9 20 0 0 10 9 0 0 4 0 54 0 126 4 68 54 10 0 32 18 0 8 0 27 16 36 0 36 36 16 62 0 6 16 0 0 36
0 0 0 0 0 0 28 0 0 0 0 0 0 82 0 0 42 1 42 0 0 72 7 0 47 0 14 32 40 24 31 35 30 45 10 1 0 0 7 8 56 0 0 0 7 26 0 39 0 35 0 0 39 7 30 0 0 0 20 0 1 21 7 14
0 14 36 48 81 84 28 2 63 0 74 75 0 0 0 0 45 52 42 0 72 0 91 35 36 0 0 12 0 9 3 41 21 0 0 9 0 0 0 0 60 88 81 42 7 0 0 15 0 0 0 58 35 21 23 72 22 12 9 0 0 28 56 14
24 0 0 45 0 0 4 0 15 29 0 0 0 0 36 0 0 0 0 32 35 0 0 0 0 25 0 8 64 25 0 5 3 48 15 28 0 0 0 0 80 0 4 0 1 0 0 32 64 0 40 24 45 0 0 0 36 0 0 0 0 64 0 2
0 0 81 36 0 0 0 40 0 36 81 0 0 14 0 0 0 0 24 0 16 63 93 20 0 18 12 0 24 0 0 0 0 15 27 0 35 0 72 0 54 0 18 63 27 63 0 12 24 0 114 0 45 21 8 72 0 0 0 9 36 51 81 63
0 0 27 12 8 12 64 12 52 18 54 21 0 24 6 0 0 0 0 0 16 93 39 3 0 0 0 0 36 0 0 0 0 0 0 0 9 30 21 8 9 80 0 29 0 32 0 0 0 20 96 0 0 39 0 0 0 0 54 0 32 0 9 0
0 0 0 0 54 24 12 0 0 32 0 36 0 0 0 0 0 0 0 0 0 0 0 0 0 0 0 0 0 0 0 42 0 32 0 12 0 0 0 0 24 0 0 0 0 0 24 72 0 0 30 0 0 0 0 12 0 0 64 0 0 0 0 24
0 0 27 12 0 0 0 12 0 12 27 0 6 12 0 24 24 40 0 0 64 21 33 12 0 6 3 0 0 16 8 0 0 48 0 0 9 54 21 1 9 0 72 21 0 0 0 0 0 0 0 6 0 0 0 64 0 0 8 0 0 0 0 3
0 0 0 0 36 0 8 0 72 45 0 59 0 64 0 2 0 0 45 0 0 0 0 0 0 0 16 0 0 0 0 100 0 16 55 8 15 0 0 0 0 1 4 0 0 0 56 0 0 0 27 0 0 2 32 72 1 0 9 42 8 6 0 16
0 6 30 40 28 30 0 8 81 0 24 0 0 0 0 18 24 27 0 0 0 0 56 0 0 0 24 20 0 16 0 16 0 32 93 0 45 64 4 9 0 101 0 56 24 78 8 0 0 0 109 107 0 0 0 0 14 10 81 0 0 12 48 0
